0	0	698
7	698	1502
13	2200	602
16	2802	380
19	3182	764
22	3946	380
26	4326	572
28	4898	602
35	5500	2546
46	8046	728
49	8774	368
55	9142	1544
67	10686	2132
77	12818	464
82	13282	1514
86	14796	656
89	15452	182
94	15634	1010
103	16644	2366
112	19010	458
123	19468	2480
133	21948	1070
146	23018	2504
158	25522	1538
166	27060	1532
170	28592	728
177	29320	1550
185	30870	1550
192	32420	1550
198	33970	1094
205	35064	1166
212	36230	1148
220	37378	1076
226	38454	1154
231	39608	350
235	39958	836
240	40794	896
248	41690	2414
267	44104	2858
282	46962	728
286	47690	1280
293	48970	1262
298	50232	1430
305	51662	1280
315	52942	1274
326	54216	1280
336	55496	1280
347	56776	1262
355	58038	1070
369	59108	1628
383	60736	1754
396	62490	872
404	63362	368
410	63730	458
417	64188	650
424	64838	998
440	65836	2606
459	68442	1088
469	69530	842
479	70372	1508
491	71880	1220
503	73100	1286
531	74386	3992
565	78378	2186
579	80564	1250
588	81814	1226
598	83040	1088
606	84128	890
613	85018	908
621	85926	890
626	86816	890
635	87706	890
643	88596	602
656	89198	1640
665	90838	620
672	91458	866
687	92324	2294
700	94618	548
708	95166	1328
727	96494	2336
751	98830	2336
772	101166	2222
788	103388	1076
799	104464	1172
805	105636	734
814	106370	722
823	107092	842
831	107934	1094
841	109028	1004
850	110032	1784
861	111816	1010
869	112826	1094
877	113920	1094
886	115014	1064
895	116078	968
903	117046	788
910	117834	788
924	118622	2174
939	120796	788
945	121584	1040
955	122624	542
962	123166	1088
973	124254	1088
985	125342	1232
996	126574	1256
1009	127830	1304
1019	129134	590
1027	129724	872
1039	130596	1562
1055	132158	2036
1075	134194	3608
1099	137802	800
1111	138602	1442
1131	140044	2462
1145	142506	614
1150	143120	584
1162	143704	1484
1176	145188	1886
1187	147074	602
1195	147676	512
1199	148188	374
1204	148562	356
1212	148918	488
1216	149406	350
1224	149756	356
1227	150112	368
1239	150480	878
1252	151358	1580
1269	152938	1976
1283	154914	860
1296	155774	1190
1307	156964	1034
1317	157998	530
1325	158528	1568
1332	160096	1082
1342	161178	1010
1350	162188	1010
1359	163198	1010
1369	164208	1046
1378	165254	1280
1395	166534	1544
1408	168078	2216
1421	170294	722
1423	171016	692
1428	171708	578
1434	172286	692
1441	172978	1034
1456	174012	2300
1468	176312	362
1471	176674	776
1478	177450	422
1481	177872	866
1489	178738	734
1493	179472	770
1505	180242	2150
1516	182392	1088
1525	183480	1496
1537	184976	758
1541	185734	1076
1551	186810	1070
1562	187880	1460
1569	189340	602
1579	189942	1436
1590	191378	734
1601	192112	1424
1607	193536	602
1615	194138	728
1624	194866	1472
1633	196338	1304
1640	197642	1358
1653	199000	1652
1663	200652	902
1669	201554	182
1675	201736	1454
1681	203190	710
1689	203900	1406
1698	205306	1760
1708	207066	776
1716	207842	1010
1725	208852	1010
1734	209862	1010
1744	210872	1028
1754	211900	992
1763	212892	1010
1774	213902	1412
1785	215314	626
1788	215940	686
1796	216626	734
1803	217360	1178
1817	218538	1754
1825	220292	686
1829	220978	182
1835	221160	728
1848	221888	2186
1860	224074	668
1874	224742	2342
1890	227084	2342
1908	229426	2342
1932	231768	2342
1950	234110	710
1964	234820	2102
1978	236922	1040
1990	237962	2018
2003	239980	704
2015	240684	2636
2029	243320	1022
2032	244342	524
2043	244866	1448
2054	246314	1172
2060	247486	344
2066	247830	632
2072	248462	374
2082	248836	2276
2100	251112	2336
2124	253448	2330
2135	255778	974
2141	256752	956
2151	257708	1586
2157	259294	908
2163	260202	536
2170	260738	1820
2181	262558	584
2186	263142	716
2193	263858	1154
2198	265012	902
2206	265914	1490
2212	267404	770
2219	268174	2048
2227	270222	1004
2235	271226	1640
2242	272866	800
2247	273666	704
