295	0	8
306	8	8
314	16	8
320	24	8
325	32	8
330	40	8
334	48	8
362	56	8
391	64	8
398	72	8
416	80	8
433	88	8
446	96	8
454	104	8
461	112	8
466	120	8
474	128	8
500	136	8
528	144	8
534	152	8
544	160	8
550	168	8
560	176	8
576	184	8
584	192	8
594	200	8
601	208	8
611	216	8
616	224	8
623	232	8
629	240	8
637	248	8
642	256	8
649	264	8
655	272	8
663	280	8
668	288	8
676	296	8
689	304	8
697	312	8
710	320	8
722	328	8
733	336	8
739	344	8
744	352	8
749	360	8
755	368	8
760	376	8
766	384	8
771	392	8
779	400	8
784	408	8
793	416	8
802	424	8
812	432	8
819	440	8
824	448	8
835	456	8
851	464	8
868	472	8
878	480	8
891	488	8
908	496	8
923	504	8
931	512	8
938	520	8
942	528	8
950	536	8
956	544	8
968	552	8
976	560	8
986	568	8
991	576	8
998	584	8
1007	592	8
1016	600	8
1023	608	8
1029	616	8
1032	624	8
1040	632	8
1045	640	8
1061	648	8
1078	656	8
1097	664	8
1112	672	8
1116	680	8
1121	688	8
1123	696	8
1125	704	8
1127	712	8
1133	720	8
1139	728	8
1146	736	8
1160	744	8
1169	752	8
1180	760	8
1190	768	8
1201	776	8
1209	784	8
1218	792	8
1229	800	8
1242	808	8
1246	816	8
1253	824	8
1257	832	8
1263	840	8
1271	848	8
1276	856	8
1285	864	8
1292	872	8
1305	880	8
1314	888	8
1323	896	8
1328	904	8
1333	912	8
1340	920	8
1344	928	8
1351	936	8
1360	944	8
1370	952	8
1379	960	8
1388	968	8
1399	976	8
1404	984	8
1413	992	8
1422	1000	8
1432	1008	8
1443	1016	8
1454	1024	8
1458	1032	8
1466	1040	8
1473	1048	8
1484	1056	8
1499	1064	8
1508	1072	8
1514	1080	8
1518	1088	8
1528	1096	8
1535	1104	8
1548	1112	8
1563	1120	8
1576	1128	8
1582	1136	8
1585	1144	8
1589	1152	8
1600	1160	8
1608	1168	8
1617	1176	8
1625	1184	8
1636	1192	8
1644	1200	8
1650	1208	8
1659	1216	8
1667	1224	8
1673	1232	8
1680	1240	8
1687	1248	8
1692	1256	8
1702	1264	8
1711	1272	8
1723	1280	8
1735	1288	8
1749	1296	8
1769	1304	8
1776	1312	8
1784	1320	8
1789	1328	8
1798	1336	8
1804	1344	8
1812	1352	8
1824	1360	8
1840	1368	8
1852	1376	8
1869	1384	8
1881	1392	8
1889	1400	8
1904	1408	8
1918	1416	8
1933	1424	8
1943	1432	8
1951	1440	8
1960	1448	8
1970	1456	8
1981	1464	8
1997	1472	8
2011	1480	8
2023	1488	8
2031	1496	8
2036	1504	8
2041	1512	8
2048	1520	8
2057	1528	8
2073	1536	8
2083	1544	8
2088	1552	8
2095	1560	8
2101	1568	8
2106	1576	8
2115	1584	8
2131	1592	8
2148	1600	8
2159	1608	8
2167	1616	8
2172	1624	8
2176	1632	8
2179	1640	8
2189	1648	8
2201	1656	8
2213	1664	8
2224	1672	8
2232	1680	8
2238	1688	8
2243	1696	8
2248	1704	8
2252	1712	8
2256	1720	8
2260	1728	8
2265	1736	8
2267	1744	8
2269	1752	8
2271	1760	8
2273	1768	8
2274	1776	8
2276	1784	8
2280	1792	8
2283	1800	8
2286	1808	8
2289	1816	8
2291	1824	8
2294	1832	8
2298	1840	8
2302	1848	8
