4	0	1358
10	1358	800
18	2158	1418
24	3576	890
30	4466	1418
34	5884	368
42	6252	2120
52	8372	1766
64	10138	1874
78	12012	1934
85	13946	806
90	14752	806
92	15558	344
97	15902	1364
105	17266	1508
114	18774	1508
120	20282	860
126	21142	854
131	21996	884
137	22880	914
142	23794	1220
151	25014	1028
159	26042	1430
164	27472	746
169	28218	1430
186	29648	3614
202	33262	626
207	33888	1496
215	35384	1238
225	36622	1574
237	38196	1694
245	39890	746
247	40636	416
254	41052	764
257	41816	818
268	42634	2240
277	44874	536
285	45410	1358
292	46768	1880
297	48648	812
302	49460	812
307	50272	812
316	51084	1028
321	52112	1046
339	53158	2372
352	55530	764
361	56294	944
371	57238	1130
378	58368	944
386	59312	1022
395	60334	890
403	61224	386
411	61610	974
427	62584	2252
448	64836	2264
464	67100	1430
475	68530	890
483	69420	968
487	70388	626
494	71014	602
502	71616	1274
510	72890	416
514	73306	416
523	73722	860
530	74582	1178
536	75760	674
541	76434	416
549	76850	1412
561	78262	1472
574	79734	1862
586	81596	1670
600	83266	1022
609	84288	1298
617	85586	920
630	86506	1748
640	88254	416
647	88670	416
653	89086	536
661	89622	1058
669	90680	482
675	91162	494
686	91656	992
695	92648	590
704	93238	1544
714	94782	704
718	95486	596
726	96082	890
735	96972	902
743	97874	1172
754	99046	1064
765	100110	1394
774	101504	1112
785	102616	1286
797	103902	1286
811	105188	1448
826	106636	1436
837	108072	1076
846	109148	1382
854	110530	1004
865	111534	1826
879	113360	1436
889	114796	542
901	115338	2018
918	117356	1832
940	119188	2018
958	121206	2060
970	123266	734
982	124000	1220
999	125220	2192
1018	127412	998
1024	128410	644
1036	129054	1706
1048	130760	860
1054	131620	650
1058	132270	722
1063	132992	884
1073	133876	1430
1082	135306	938
1093	136244	1076
1102	137320	614
1110	137934	1118
1122	139052	1148
1132	140200	1478
1143	141678	602
1151	142280	1316
1163	143596	1448
1179	145044	1652
1193	146696	1442
1206	148138	1022
1220	149160	1586
1240	150746	2096
1255	152842	950
1268	153792	1568
1287	155360	1718
1304	157078	1394
1318	158472	1784
1329	160256	1298
1335	161554	374
1341	161928	980
1349	162908	752
1354	163660	860
1366	164520	1802
1381	166322	1034
1387	167356	530
1396	167886	728
1401	168614	926
1411	169540	1598
1424	171138	2168
1440	173306	1016
1452	174322	1988
1461	176310	824
1470	177134	758
1476	177892	698
1483	178590	1472
1496	180062	1226
1503	181288	1148
1513	182436	1334
1521	183770	1340
1532	185110	1322
1546	186432	1628
1555	188060	704
1566	188764	1664
1572	190428	542
1578	190970	548
1583	191518	542
1592	192060	1136
1603	193196	1214
1610	194410	1064
1623	195474	1670
1634	197144	620
1642	197764	2060
1652	199824	632
1658	200456	638
1664	201094	950
1674	202044	884
1683	202928	1586
1691	204514	1586
1701	206100	758
1706	206858	752
1712	207610	1016
1722	208626	1166
1737	209792	1706
1746	211498	350
1753	211848	728
1757	212576	356
1760	212932	206
1765	213138	716
1772	213854	830
1783	214684	1586
1793	216270	956
1800	217226	326
1806	217552	1058
1815	218610	1208
1823	219818	1208
1834	221026	1004
1843	222030	1454
1849	223484	338
1859	223822	620
1866	224442	1496
1878	225938	1388
1885	227326	1508
1896	228834	1088
1903	229922	962
1910	230884	1016
1920	231900	1214
1930	233114	1016
1941	234130	1040
1952	235170	1076
1958	236246	992
1968	237238	938
1975	238176	998
1985	239174	1316
1993	240490	998
2001	241488	998
2005	242486	968
2014	243454	1004
2019	244458	998
2027	245456	1010
2033	246466	1022
2042	247488	1022
2050	248510	992
2059	249502	1082
2070	250584	992
2077	251576	800
2085	252376	1412
2093	253788	1418
2109	255206	1970
2120	257176	1322
2129	258498	1154
2138	259652	1058
2143	260710	1022
2152	261732	1244
