1	0	163
3	163	110
6	273	62
12	335	205
27	540	365
33	905	173
36	1078	175
45	1253	320
53	1573	242
60	1815	154
70	1969	264
76	2233	117
80	2350	168
84	2518	123
93	2641	310
102	2951	152
110	3103	283
116	3386	120
121	3506	136
128	3642	235
136	3877	235
143	4112	175
148	4287	148
153	4435	104
155	4539	60
157	4599	98
162	4697	239
172	4936	388
183	5324	232
190	5556	286
199	5842	284
204	6126	84
210	6210	222
219	6432	173
224	6605	67
233	6672	325
239	6997	108
242	7105	74
246	7179	170
250	7349	140
255	7489	168
260	7657	105
265	7762	171
272	7933	162
278	8095	231
289	8326	369
296	8695	261
313	8956	111
323	9067	149
337	9216	153
346	9369	168
351	9537	61
357	9598	253
365	9851	106
373	9957	103
380	10060	234
389	10294	131
393	10425	56
400	10481	147
408	10628	61
414	10689	61
419	10750	81
428	10831	239
438	11070	88
444	11158	126
450	11284	125
457	11409	165
465	11574	164
473	11738	179
484	11917	234
496	12151	144
506	12295	218
515	12513	220
527	12733	220
539	12953	233
551	13186	224
558	13410	172
571	13582	328
581	13910	123
591	14033	309
608	14342	312
620	14654	131
632	14785	282
646	15067	251
657	15318	100
670	15418	351
683	15769	155
699	15924	390
723	16314	401
745	16715	235
762	16950	362
775	17312	152
791	17464	379
804	17843	73
810	17916	62
816	17978	87
825	18065	239
839	18304	186
844	18490	157
852	18647	134
863	18781	366
875	19147	112
882	19259	167
897	19426	392
913	19818	151
920	19969	144
927	20113	105
933	20218	170
943	20388	188
954	20576	221
966	20797	112
972	20909	135
981	21044	132
987	21176	97
992	21273	93
997	21366	94
1008	21460	135
1013	21595	101
1020	21696	101
1030	21797	201
1042	21998	139
1046	22137	117
1053	22254	73
1062	22327	256
1069	22583	33
1071	22616	126
1079	22742	189
1087	22931	187
1094	23118	118
1106	23236	314
1124	23550	270
1138	23820	258
1155	24078	290
1171	24368	314
1183	24682	173
1194	24855	189
1203	25044	144
1217	25188	275
1232	25463	183
1249	25646	310
1259	25956	61
1274	26017	390
1294	26407	131
1302	26538	135
1309	26673	143
1322	26816	277
1336	27093	390
1358	27483	357
1373	27840	147
1386	27987	196
1391	28183	140
1402	28323	207
1412	28530	245
1419	28775	159
1435	28934	450
1455	29384	198
1469	29582	354
1485	29936	307
1495	30243	87
1511	30330	481
1524	30811	92
1530	30903	152
1538	31055	152
1544	31207	152
1553	31359	171
1557	31530	91
1567	31621	147
1575	31768	234
1587	32002	175
1596	32177	176
1606	32353	236
1620	32589	303
1631	32892	175
1641	33067	325
1656	33392	230
1670	33622	252
1676	33874	85
1684	33959	286
1695	34245	278
1704	34523	187
1710	34710	99
1718	34809	153
1724	34962	124
1729	35086	100
1736	35186	100
1740	35286	58
1764	35344	603
1794	35947	228
1809	36175	333
1820	36508	175
1831	36683	180
1839	36863	170
1845	37033	157
1858	37190	244
1867	37434	168
1875	37602	207
1886	37809	327
1897	38136	126
1905	38262	194
1915	38456	264
1924	38720	101
1931	38821	133
1938	38954	140
1946	39094	158
1955	39252	105
1959	39357	130
1965	39487	130
1971	39617	174
1986	39791	275
1999	40066	276
2007	40342	149
2012	40491	123
2018	40614	176
2026	40790	167
2039	40957	325
2051	41282	181
2061	41463	174
2071	41637	174
2079	41811	239
2091	42050	308
2108	42358	306
2116	42664	73
2123	42737	72
2125	42809	72
2130	42881	81
2136	42962	107
2146	43069	407
2161	43476	298
2173	43774	239
2185	44013	323
2195	44336	99
2199	44435	229
