295	0	140
306	140	183
314	323	128
320	451	119
325	570	101
330	671	61
334	732	110
362	842	599
391	1441	217
398	1658	62
416	1720	429
433	2149	217
446	2366	238
454	2604	98
461	2702	171
466	2873	109
474	2982	150
500	3132	667
528	3799	118
534	3917	149
544	4066	153
550	4219	168
560	4387	320
576	4707	320
584	5027	79
594	5106	143
601	5249	104
611	5353	110
616	5463	187
623	5650	85
629	5735	72
637	5807	95
642	5902	92
649	5994	75
655	6069	101
663	6170	187
668	6357	61
676	6418	249
689	6667	189
697	6856	160
710	7016	319
722	7335	70
733	7405	100
739	7505	128
744	7633	70
749	7703	70
755	7773	70
760	7843	75
766	7918	74
771	7992	106
779	8098	70
784	8168	110
793	8278	118
802	8396	142
812	8538	70
819	8608	73
824	8681	148
835	8829	252
851	9081	379
868	9460	324
878	9784	107
891	9891	285
908	10176	390
923	10566	106
931	10672	211
938	10883	33
942	10916	133
950	11049	152
956	11201	170
968	11371	169
976	11540	164
986	11704	157
991	11861	62
998	11923	173
1007	12096	62
1016	12158	223
1023	12381	67
1029	12448	65
1032	12513	89
1040	12602	165
1045	12767	150
1061	12917	361
1078	13278	364
1097	13642	360
1112	14002	155
1116	14157	31
1121	14188	31
1123	14219	64
1125	14283	58
1127	14341	57
1133	14398	76
1139	14474	113
1146	14587	168
1160	14755	233
1169	14988	181
1180	15169	175
1190	15344	252
1201	15596	140
1209	15736	93
1218	15829	187
1229	16016	207
1242	16223	80
1246	16303	72
1253	16375	116
1257	16491	108
1263	16599	108
1271	16707	101
1276	16808	165
1285	16973	96
1292	17069	62
1305	17131	149
1314	17280	175
1323	17455	173
1328	17628	167
1333	17795	83
1340	17878	101
1344	17979	126
1351	18105	190
1360	18295	224
1370	18519	122
1379	18641	93
1388	18734	179
1399	18913	189
1404	19102	84
1413	19186	153
1422	19339	299
1432	19638	179
1443	19817	279
1454	20096	130
1458	20226	157
1466	20383	101
1473	20484	219
1484	20703	234
1499	20937	290
1508	21227	175
1514	21402	97
1518	21499	219
1528	21718	157
1535	21875	140
1548	22015	304
1563	22319	301
1576	22620	177
1582	22797	29
1585	22826	94
1589	22920	108
1600	23028	243
1608	23271	126
1617	23397	63
1625	23460	302
1636	23762	220
1644	23982	182
1650	24164	161
1659	24325	161
1667	24486	152
1673	24638	192
1680	24830	139
1687	24969	160
1692	25129	181
1702	25310	271
1711	25581	165
1723	25746	246
1735	25992	139
1749	26131	387
1769	26518	162
1776	26680	160
1784	26840	171
1789	27011	101
1798	27112	164
1804	27276	149
1812	27425	171
1824	27596	344
1840	27940	173
1852	28113	306
1869	28419	312
1881	28731	190
1889	28921	233
1904	29154	384
1918	29538	228
1933	29766	267
1943	30033	37
1951	30070	220
1960	30290	175
1970	30465	178
1981	30643	264
1997	30907	365
2011	31272	291
2023	31563	234
2031	31797	163
2036	31960	33
2041	31993	158
2048	32151	74
2057	32225	238
2073	32463	326
2083	32789	152
2088	32941	138
2095	33079	94
2101	33173	152
2106	33325	57
2115	33382	318
2131	33700	406
2148	34106	367
2159	34473	180
2167	34653	158
2172	34811	115
2176	34926	83
2179	35009	80
2189	35089	312
2201	35401	319
2213	35720	314
2224	36034	314
2232	36348	208
2238	36556	170
2243	36726	164
2248	36890	168
2252	37058	250
2256	37308	227
2260	37535	179
2265	37714	305
2267	38019	151
2269	38170	162
2271	38332	176
2273	38508	109
2274	38617	109
2276	38726	319
2280	39045	317
2283	39362	96
2286	39458	361
2289	39819	95
2291	39914	167
2294	40081	318
2298	40399	306
2302	40705	412
