9	0	1520
14	1520	410
20	1930	1358
29	3288	2126
38	5414	926
41	6340	524
44	6864	782
47	7646	1016
54	8662	458
58	9120	962
63	10082	506
69	10588	614
72	11202	944
81	12146	1760
91	13906	1484
96	15390	1028
100	16418	440
109	16858	2168
117	19026	590
122	19616	776
127	20392	962
132	21354	740
139	22094	1604
145	23698	602
149	24300	1442
160	25742	1634
167	27376	1430
173	28806	806
176	29612	602
184	30214	1952
189	32166	716
191	32882	188
194	33070	716
201	33786	1430
209	35216	1178
214	36394	734
221	37128	896
230	38024	2294
241	40318	1556
249	41874	1550
259	43424	782
266	44206	1436
275	45642	1154
283	46796	1148
290	47944	1874
303	49818	2156
318	51974	1076
327	53050	962
333	54012	812
343	54824	1610
358	56434	1706
374	58140	1688
390	59828	1634
409	61462	1634
421	63096	1094
429	64190	536
432	64726	446
437	65172	902
447	66074	1244
458	67318	1160
467	68478	1280
480	69758	1442
485	71200	602
492	71802	362
501	72164	1526
512	73690	956
524	74646	1610
543	76256	2612
564	78868	2252
580	81120	1604
587	82724	746
595	83470	1340
607	84810	1118
615	85928	1412
627	87340	1046
641	88386	1820
659	90206	1820
677	92026	1886
696	93912	1880
705	95792	362
709	96154	374
716	96528	788
720	97316	770
731	98086	776
734	98862	362
748	99224	2684
768	101908	1052
777	102960	1076
786	104036	1262
798	105298	1220
806	106518	848
817	107366	932
827	108298	1220
836	109518	812
845	110330	1892
858	112222	1004
862	113226	350
870	113576	1628
880	115204	776
887	115980	866
898	116846	1394
907	118240	1088
916	119328	848
925	120176	1016
934	121192	1322
951	122514	1904
963	124418	1046
978	125464	1880
993	127344	962
1004	128306	1142
1021	129448	2150
1038	131598	974
1051	132572	2174
1077	134746	3614
1103	138360	1957
1118	140317	1964
1135	142281	1544
1152	143825	2090
1172	145915	1940
1189	147855	1934
1205	149789	980
1221	150769	2150
1238	152919	944
1248	153863	1076
1266	154939	1550
1278	156489	890
1289	157379	722
1295	158101	644
1303	158745	1040
1315	159785	1202
1326	160987	1766
1337	162753	1106
1343	163859	644
1353	164503	1556
1361	166059	464
1368	166523	410
1376	166933	1310
1394	168243	1982
1407	170225	578
1416	170803	2168
1429	172971	956
1439	173927	1412
1450	175339	1400
1464	176739	2168
1482	178907	1820
1492	180727	644
1504	181371	2186
1517	183557	1682
1527	185239	644
1539	185883	1730
1549	187613	602
1552	188215	602
1558	188817	1040
1574	189857	1970
1595	191827	2102
1616	193929	2102
1628	196031	950
1635	196981	836
1639	197817	836
1645	198653	836
1654	199489	1436
1665	200925	1412
1672	202337	680
1685	203017	2744
1700	205761	1070
1714	206831	2420
1730	209251	1064
1739	210315	644
1745	210959	644
1750	211603	644
1758	212247	644
1762	212891	644
1771	213535	836
1775	214371	782
1781	215153	638
1787	215791	1070
1797	216861	950
1808	217811	1136
1814	218947	836
1827	219783	2498
1847	222281	1544
1857	223825	812
1863	224637	482
1870	225119	1448
1879	226567	626
1882	227193	806
1888	227999	1328
1894	229327	380
1900	229707	1442
1911	231149	1064
1922	232213	1388
1936	233601	1388
1949	234989	1460
1963	236449	1340
1969	237789	476
1976	238265	944
1980	239209	104
1982	239313	446
1988	239759	1046
1992	240805	644
2000	241449	1322
2008	242771	1322
2017	244093	1088
2028	245181	1874
2038	247055	344
2047	247399	1436
2058	248835	992
2068	249827	1460
2080	251287	1406
2089	252693	1472
2102	254165	1466
2112	255631	1364
2121	256995	644
2128	257639	1514
2137	259153	854
2144	260007	1370
2154	261377	1406
2164	262783	1064
2171	263847	1454
2178	265301	554
2182	265855	524
2188	266379	812
2192	267191	644
2197	267835	1292
2205	269127	350
2209	269477	1574
2215	271051	344
2217	271395	716
2220	272111	362
2225	272473	1070
2230	273543	848
2237	274391	1550
2246	275941	1850
