0	0	8
7	8	8
13	16	8
16	24	8
19	32	8
22	40	8
26	48	8
28	56	8
35	64	8
46	72	8
49	80	8
55	88	8
67	96	8
77	104	8
82	112	8
86	120	8
89	128	8
94	136	8
103	144	8
112	152	8
123	160	8
133	168	8
146	176	8
158	184	8
166	192	8
170	200	8
177	208	8
185	216	8
192	224	8
198	232	8
205	240	8
212	248	8
220	256	8
226	264	8
231	272	8
235	280	8
240	288	8
248	296	8
267	304	8
282	312	8
286	320	8
293	328	8
298	336	8
305	344	8
315	352	8
326	360	8
336	368	8
347	376	8
355	384	8
369	392	8
383	400	8
396	408	8
404	416	8
410	424	8
417	432	8
424	440	8
440	448	8
459	456	8
469	464	8
479	472	8
491	480	8
503	488	8
531	496	8
565	504	8
579	512	8
588	520	8
598	528	8
606	536	8
613	544	8
621	552	8
626	560	8
635	568	8
643	576	8
656	584	8
665	592	8
672	600	8
687	608	8
700	616	8
708	624	8
727	632	8
751	640	8
772	648	8
788	656	8
799	664	8
805	672	8
814	680	8
823	688	8
831	696	8
841	704	8
850	712	8
861	720	8
869	728	8
877	736	8
886	744	8
895	752	8
903	760	8
910	768	8
924	776	8
939	784	8
945	792	8
955	800	8
962	808	8
973	816	8
985	824	8
996	832	8
1009	840	8
1019	848	8
1027	856	8
1039	864	8
1055	872	8
1075	880	8
1099	888	8
1111	896	8
1131	904	8
1145	912	8
1150	920	8
1162	928	8
1176	936	8
1187	944	8
1195	952	8
1199	960	8
1204	968	8
1212	976	8
1216	984	8
1224	992	8
1227	1000	8
1239	1008	8
1252	1016	8
1269	1024	8
1283	1032	8
1296	1040	8
1307	1048	8
1317	1056	8
1325	1064	8
1332	1072	8
1342	1080	8
1350	1088	8
1359	1096	8
1369	1104	8
1378	1112	8
1395	1120	8
1408	1128	8
1421	1136	8
1423	1144	8
1428	1152	8
1434	1160	8
1441	1168	8
1456	1176	8
1468	1184	8
1471	1192	8
1478	1200	8
1481	1208	8
1489	1216	8
1493	1224	8
1505	1232	8
1516	1240	8
1525	1248	8
1537	1256	8
1541	1264	8
1551	1272	8
1562	1280	8
1569	1288	8
1579	1296	8
1590	1304	8
1601	1312	8
1607	1320	8
1615	1328	8
1624	1336	8
1633	1344	8
1640	1352	8
1653	1360	8
1663	1368	8
1669	1376	8
1675	1384	8
1681	1392	8
1689	1400	8
1698	1408	8
1708	1416	8
1716	1424	8
1725	1432	8
1734	1440	8
1744	1448	8
1754	1456	8
1763	1464	8
1774	1472	8
1785	1480	8
1788	1488	8
1796	1496	8
1803	1504	8
1817	1512	8
1825	1520	8
1829	1528	8
1835	1536	8
1848	1544	8
1860	1552	8
1874	1560	8
1890	1568	8
1908	1576	8
1932	1584	8
1950	1592	8
1964	1600	8
1978	1608	8
1990	1616	8
2003	1624	8
2015	1632	8
2029	1640	8
2032	1648	8
2043	1656	8
2054	1664	8
2060	1672	8
2066	1680	8
2072	1688	8
2082	1696	8
2100	1704	8
2124	1712	8
2135	1720	8
2141	1728	8
2151	1736	8
2157	1744	8
2163	1752	8
2170	1760	8
2181	1768	8
2186	1776	8
2193	1784	8
2198	1792	8
2206	1800	8
2212	1808	8
2219	1816	8
2227	1824	8
2235	1832	8
2242	1840	8
2247	1848	8
