4	0	227
10	227	134
18	361	237
24	598	149
30	747	237
34	984	62
42	1046	354
52	1400	295
64	1695	313
78	2008	323
85	2331	135
90	2466	135
92	2601	58
97	2659	228
105	2887	252
114	3139	252
120	3391	144
126	3535	143
131	3678	148
137	3826	153
142	3979	204
151	4183	172
159	4355	239
164	4594	125
169	4719	239
186	4958	603
202	5561	105
207	5666	250
215	5916	207
225	6123	263
237	6386	283
245	6669	125
247	6794	70
254	6864	128
257	6992	137
268	7129	374
277	7503	90
285	7593	227
292	7820	314
297	8134	136
302	8270	136
307	8406	136
316	8542	172
321	8714	175
339	8889	396
352	9285	128
361	9413	158
371	9571	189
378	9760	158
386	9918	171
395	10089	149
403	10238	65
411	10303	163
427	10466	376
448	10842	378
464	11220	239
475	11459	149
483	11608	162
487	11770	105
494	11875	101
502	11976	213
510	12189	70
514	12259	70
523	12329	144
530	12473	197
536	12670	113
541	12783	70
549	12853	236
561	13089	246
574	13335	311
586	13646	279
600	13925	171
609	14096	217
617	14313	154
630	14467	292
640	14759	70
647	14829	70
653	14899	90
661	14989	177
669	15166	81
675	15247	83
686	15330	166
695	15496	99
704	15595	258
714	15853	118
718	15971	100
726	16071	149
735	16220	151
743	16371	196
754	16567	178
765	16745	233
774	16978	186
785	17164	215
797	17379	215
811	17594	242
826	17836	240
837	18076	180
846	18256	231
854	18487	168
865	18655	305
879	18960	240
889	19200	91
901	19291	337
918	19628	306
940	19934	337
958	20271	344
970	20615	123
982	20738	204
999	20942	366
1018	21308	167
1024	21475	108
1036	21583	285
1048	21868	144
1054	22012	109
1058	22121	121
1063	22242	148
1073	22390	239
1082	22629	157
1093	22786	180
1102	22966	103
1110	23069	187
1122	23256	192
1132	23448	247
1143	23695	101
1151	23796	220
1163	24016	242
1179	24258	276
1193	24534	241
1206	24775	171
1220	24946	265
1240	25211	350
1255	25561	159
1268	25720	262
1287	25982	287
1304	26269	233
1318	26502	298
1329	26800	217
1335	27017	63
1341	27080	164
1349	27244	126
1354	27370	144
1366	27514	301
1381	27815	173
1387	27988	89
1396	28077	122
1401	28199	155
1411	28354	267
1424	28621	362
1440	28983	170
1452	29153	332
1461	29485	138
1470	29623	127
1476	29750	117
1483	29867	246
1496	30113	205
1503	30318	192
1513	30510	223
1521	30733	224
1532	30957	221
1546	31178	272
1555	31450	118
1566	31568	278
1572	31846	91
1578	31937	92
1583	32029	91
1592	32120	190
1603	32310	203
1610	32513	178
1623	32691	279
1634	32970	104
1642	33074	344
1652	33418	106
1658	33524	107
1664	33631	159
1674	33790	148
1683	33938	265
1691	34203	265
1701	34468	127
1706	34595	126
1712	34721	170
1722	34891	195
1737	35086	285
1746	35371	59
1753	35430	122
1757	35552	60
1760	35612	35
1765	35647	120
1772	35767	139
1783	35906	265
1793	36171	160
1800	36331	55
1806	36386	177
1815	36563	202
1823	36765	202
1834	36967	168
1843	37135	243
1849	37378	57
1859	37435	104
1866	37539	250
1878	37789	232
1885	38021	252
1896	38273	182
1903	38455	161
1910	38616	170
1920	38786	203
1930	38989	170
1941	39159	174
1952	39333	180
1958	39513	166
1968	39679	157
1975	39836	167
1985	40003	220
1993	40223	167
2001	40390	167
2005	40557	162
2014	40719	168
2019	40887	167
2027	41054	169
2033	41223	171
2042	41394	171
2050	41565	166
2059	41731	181
2070	41912	166
2077	42078	134
2085	42212	236
2093	42448	237
2109	42685	329
2120	43014	221
2129	43235	193
2138	43428	177
2143	43605	171
2152	43776	208
