40	0	1004
50	1004	2498
61	3502	356
65	3858	776
74	4634	2042
87	6676	2336
98	9012	1088
107	10100	1142
113	11242	800
118	12042	872
124	12914	1076
130	13990	1004
134	14994	830
141	15824	1046
152	16870	2348
165	19218	2102
174	21320	1148
180	22468	1568
188	24036	1490
195	25526	1538
206	27064	2060
217	29124	1046
222	30170	644
227	30814	812
232	31626	716
236	32342	500
243	32842	1088
252	33930	1034
256	34964	794
261	35758	758
264	36516	758
269	37274	356
274	37630	1136
281	38766	1136
288	39902	1592
301	41494	2186
317	43680	1478
328	45158	1028
335	46186	356
342	46542	1004
349	47546	884
353	48430	602
360	49032	638
372	49670	1700
382	51370	1280
394	52650	1280
406	53930	602
415	54532	878
420	55410	890
430	56300	890
436	57190	890
443	58080	890
452	58970	1058
463	60028	1430
477	61458	2186
488	63644	242
497	63886	950
507	64836	1052
516	65888	1394
525	67282	1052
535	68334	1130
547	69464	1130
554	70594	1352
562	71946	782
568	72728	782
572	73510	758
578	74268	368
585	74636	1886
599	76522	758
604	77280	980
614	78260	1394
625	79654	1112
638	80766	1004
644	81770	638
652	82408	1316
666	83724	1364
674	85088	746
680	85834	350
688	86184	1538
703	87722	1934
717	89656	554
719	90210	350
725	90560	410
736	90970	1442
747	92412	788
753	93200	602
759	93802	1058
773	94860	2366
790	97226	644
801	97870	1430
808	99300	344
815	99644	356
821	100000	890
830	100890	740
834	101630	362
842	101992	1244
849	103236	830
857	104066	1004
867	105070	1814
876	106884	452
888	107336	1964
902	109300	488
906	109788	908
917	110696	1388
932	112084	2084
948	114168	920
960	115088	1658
971	116746	554
980	117300	836
990	118136	1154
1000	119290	836
1005	120126	656
1012	120782	896
1028	121678	1520
1043	123198	2348
1064	125546	2048
1080	127594	1634
1088	129228	794
1092	130022	356
1096	130378	356
1100	130734	470
1108	131204	956
1117	132160	1118
1134	133278	2294
1147	135572	602
1157	136174	1094
1170	137268	1754
1182	139022	926
1192	139948	956
1200	140904	950
1215	141854	1898
1228	143752	188
1237	143940	1514
1247	145454	350
1254	145804	818
1264	146622	1550
1279	148172	1526
1290	149698	488
1298	150186	464
1310	150650	1700
1330	152350	2930
1352	155280	1412
1363	156692	1124
1375	157816	1094
1385	158910	470
1398	159380	2048
1414	161428	1922
1426	163350	1604
1433	164954	350
1438	165304	890
1449	166194	1598
1462	167792	1004
1472	168796	1118
1479	169914	920
1491	170834	2108
1510	172942	2090
1522	175032	1280
1533	176312	1280
1542	177592	1280
1560	178872	2330
1577	181202	1292
1591	182494	776
1598	183270	920
1605	184190	668
1611	184858	872
1619	185730	764
1629	186494	1550
1638	188044	1400
1647	189444	578
1655	190022	932
1660	190954	818
1671	191772	2096
1686	193868	2090
1697	195958	1010
1705	196968	974
1717	197942	1772
1726	199714	422
1732	200136	1088
1742	201224	770
1751	201994	1118
1761	203112	890
1768	204002	416
1779	204418	2138
1801	206556	2150
1811	208706	404
1818	209110	476
1821	209586	830
1830	210416	968
1838	211384	1130
1846	212514	1034
1855	213548	860
1862	214408	806
1865	215214	332
1871	215546	698
1877	216244	1196
1884	217440	1400
1893	218840	1142
1899	219982	350
1901	220332	338
1907	220670	872
1913	221542	968
1919	222510	518
1928	223028	1430
1942	224458	908
1954	225366	1652
1966	227018	1292
1979	228310	1256
1987	229566	638
1991	230204	614
1995	230818	596
2006	231414	2390
2020	233804	1142
