40	0	8
50	8	8
61	16	8
65	24	8
74	32	8
87	40	8
98	48	8
107	56	8
113	64	8
118	72	8
124	80	8
130	88	8
134	96	8
141	104	8
152	112	8
165	120	8
174	128	8
180	136	8
188	144	8
195	152	8
206	160	8
217	168	8
222	176	8
227	184	8
232	192	8
236	200	8
243	208	8
252	216	8
256	224	8
261	232	8
264	240	8
269	248	8
274	256	8
281	264	8
288	272	8
301	280	8
317	288	8
328	296	8
335	304	8
342	312	8
349	320	8
353	328	8
360	336	8
372	344	8
382	352	8
394	360	8
406	368	8
415	376	8
420	384	8
430	392	8
436	400	8
443	408	8
452	416	8
463	424	8
477	432	8
488	440	8
497	448	8
507	456	8
516	464	8
525	472	8
535	480	8
547	488	8
554	496	8
562	504	8
568	512	8
572	520	8
578	528	8
585	536	8
599	544	8
604	552	8
614	560	8
625	568	8
638	576	8
644	584	8
652	592	8
666	600	8
674	608	8
680	616	8
688	624	8
703	632	8
717	640	8
719	648	8
725	656	8
736	664	8
747	672	8
753	680	8
759	688	8
773	696	8
790	704	8
801	712	8
808	720	8
815	728	8
821	736	8
830	744	8
834	752	8
842	760	8
849	768	8
857	776	8
867	784	8
876	792	8
888	800	8
902	808	8
906	816	8
917	824	8
932	832	8
948	840	8
960	848	8
971	856	8
980	864	8
990	872	8
1000	880	8
1005	888	8
1012	896	8
1028	904	8
1043	912	8
1064	920	8
1080	928	8
1088	936	8
1092	944	8
1096	952	8
1100	960	8
1108	968	8
1117	976	8
1134	984	8
1147	992	8
1157	1000	8
1170	1008	8
1182	1016	8
1192	1024	8
1200	1032	8
1215	1040	8
1228	1048	8
1237	1056	8
1247	1064	8
1254	1072	8
1264	1080	8
1279	1088	8
1290	1096	8
1298	1104	8
1310	1112	8
1330	1120	8
1352	1128	8
1363	1136	8
1375	1144	8
1385	1152	8
1398	1160	8
1414	1168	8
1426	1176	8
1433	1184	8
1438	1192	8
1449	1200	8
1462	1208	8
1472	1216	8
1479	1224	8
1491	1232	8
1510	1240	8
1522	1248	8
1533	1256	8
1542	1264	8
1560	1272	8
1577	1280	8
1591	1288	8
1598	1296	8
1605	1304	8
1611	1312	8
1619	1320	8
1629	1328	8
1638	1336	8
1647	1344	8
1655	1352	8
1660	1360	8
1671	1368	8
1686	1376	8
1697	1384	8
1705	1392	8
1717	1400	8
1726	1408	8
1732	1416	8
1742	1424	8
1751	1432	8
1761	1440	8
1768	1448	8
1779	1456	8
1801	1464	8
1811	1472	8
1818	1480	8
1821	1488	8
1830	1496	8
1838	1504	8
1846	1512	8
1855	1520	8
1862	1528	8
1865	1536	8
1871	1544	8
1877	1552	8
1884	1560	8
1893	1568	8
1899	1576	8
1901	1584	8
1907	1592	8
1913	1600	8
1919	1608	8
1928	1616	8
1942	1624	8
1954	1632	8
1966	1640	8
1979	1648	8
1987	1656	8
1991	1664	8
1995	1672	8
2006	1680	8
2020	1688	8
