312	0	8
322	8	8
331	16	8
338	24	8
344	32	8
350	40	8
363	48	8
370	56	8
375	64	8
377	72	8
387	80	8
423	88	8
456	96	8
471	104	8
495	112	8
517	120	8
521	128	8
529	136	8
540	144	8
548	152	8
557	160	8
567	168	8
575	176	8
596	184	8
624	192	8
634	200	8
645	208	8
660	216	8
678	224	8
693	232	8
712	240	8
730	248	8
737	256	8
746	264	8
757	272	8
778	280	8
795	288	8
818	296	8
833	304	8
843	312	8
856	320	8
873	328	8
883	336	8
890	344	8
899	352	8
912	360	8
922	368	8
928	376	8
937	384	8
946	392	8
957	400	8
967	408	8
974	416	8
984	424	8
1001	432	8
1010	440	8
1022	448	8
1035	456	8
1047	464	8
1056	472	8
1065	480	8
1072	488	8
1076	496	8
1084	504	8
1089	512	8
1101	520	8
1109	528	8
1113	536	8
1126	544	8
1144	552	8
1156	560	8
1166	568	8
1173	576	8
1181	584	8
1186	592	8
1197	600	8
1210	608	8
1219	616	8
1230	624	8
1236	632	8
1244	640	8
1262	648	8
1288	656	8
1306	664	8
1316	672	8
1327	680	8
1338	688	8
1345	696	8
1356	704	8
1362	712	8
1372	720	8
1382	728	8
1390	736	8
1400	744	8
1409	752	8
1418	760	8
1427	768	8
1437	776	8
1442	784	8
1444	792	8
1448	800	8
1451	808	8
1459	816	8
1475	824	8
1497	832	8
1523	840	8
1550	848	8
1565	856	8
1573	864	8
1584	872	8
1594	880	8
1604	888	8
1613	896	8
1622	904	8
1630	912	8
1646	920	8
1662	928	8
1677	936	8
1690	944	8
1703	952	8
1720	960	8
1733	968	8
1741	976	8
1748	984	8
1755	992	8
1770	1000	8
1778	1008	8
1786	1016	8
1795	1024	8
1802	1032	8
1813	1040	8
1822	1048	8
1833	1056	8
1841	1064	8
1850	1072	8
1861	1080	8
1868	1088	8
1880	1096	8
1892	1104	8
1906	1112	8
1912	1120	8
1921	1128	8
1926	1136	8
1935	1144	8
1937	1152	8
1945	1160	8
1956	1168	8
1973	1176	8
1983	1184	8
2002	1192	8
2021	1200	8
2035	1208	8
2046	1216	8
2049	1224	8
2056	1232	8
2064	1240	8
2076	1248	8
2086	1256	8
2096	1264	8
2107	1272	8
2113	1280	8
2118	1288	8
2127	1296	8
2134	1304	8
2140	1312	8
2147	1320	8
2158	1328	8
2168	1336	8
2180	1344	8
2191	1352	8
2196	1360	8
2204	1368	8
2208	1376	8
2216	1384	8
2223	1392	8
2228	1400	8
2234	1408	8
2239	1416	8
2244	1424	8
2250	1432	8
2254	1440	8
2259	1448	8
2262	1456	8
2264	1464	8
2266	1472	8
2268	1480	8
2270	1488	8
2272	1496	8
2275	1504	8
2277	1512	8
2278	1520	8
2282	1528	8
2285	1536	8
2288	1544	8
2292	1552	8
2296	1560	8
2297	1568	8
2300	1576	8
2301	1584	8
2304	1592	8
2306	1600	8
2308	1608	8
2310	1616	8
2312	1624	8
2314	1632	8
2317	1640	8
2319	1648	8
2321	1656	8
2322	1664	8
2324	1672	8
2326	1680	8
2328	1688	8
2330	1696	8
2332	1704	8
2333	1712	8
2335	1720	8
2338	1728	8
2340	1736	8
2342	1744	8
2344	1752	8
2346	1760	8
2349	1768	8
2352	1776	8
2354	1784	8
2356	1792	8
2358	1800	8
2360	1808	8
2362	1816	8
2363	1824	8
2366	1832	8
2368	1840	8
2370	1848	8
2372	1856	8
