312	0	312
322	312	188
331	500	69
338	569	96
344	665	137
350	802	109
363	911	177
370	1088	100
375	1188	101
377	1289	101
387	1390	238
423	1628	641
456	2269	303
471	2572	255
495	2827	561
517	3388	92
521	3480	93
529	3573	254
540	3827	143
548	3970	193
557	4163	260
567	4423	146
575	4569	244
596	4813	621
624	5434	169
634	5603	157
645	5760	225
660	5985	326
678	6311	303
693	6614	275
712	6889	364
730	7253	170
737	7423	141
746	7564	181
757	7745	337
778	8082	317
795	8399	317
818	8716	320
833	9036	206
843	9242	241
856	9483	331
873	9814	306
883	10120	135
890	10255	91
899	10346	215
912	10561	307
922	10868	62
928	10930	142
937	11072	175
946	11247	207
957	11454	208
967	11662	112
974	11774	117
984	11891	262
1001	12153	254
1010	12407	159
1022	12566	142
1035	12708	343
1047	13051	59
1056	13110	219
1065	13329	220
1072	13549	65
1076	13614	169
1084	13783	79
1089	13862	235
1101	14097	234
1109	14331	89
1113	14420	60
1126	14480	415
1144	14895	141
1156	15036	238
1166	15274	178
1173	15452	168
1181	15620	101
1186	15721	129
1197	15850	226
1210	16076	166
1219	16242	191
1230	16433	152
1236	16585	100
1244	16685	187
1262	16872	377
1288	17249	334
1306	17583	194
1316	17777	175
1327	17952	297
1338	18249	160
1345	18409	238
1356	18647	121
1362	18768	160
1372	18928	166
1382	19094	182
1390	19276	168
1400	19444	187
1409	19631	187
1418	19818	259
1427	20077	186
1437	20263	163
1442	20426	68
1444	20494	69
1448	20563	68
1451	20631	68
1459	20699	299
1475	20998	266
1497	21264	523
1523	21787	516
1550	22303	333
1565	22636	230
1573	22866	189
1584	23055	194
1594	23249	189
1604	23438	189
1613	23627	153
1622	23780	226
1630	24006	169
1646	24175	304
1662	24479	318
1677	24797	318
1690	25115	318
1703	25433	318
1720	25751	318
1733	26069	144
1741	26213	116
1748	26329	105
1755	26434	179
1770	26613	253
1778	26866	179
1786	27045	192
1795	27237	68
1802	27305	175
1813	27480	274
1822	27754	181
1833	27935	194
1841	28129	139
1850	28268	266
1861	28534	123
1868	28657	151
1880	28808	314
1892	29122	360
1906	29482	157
1912	29639	148
1921	29787	186
1926	29973	126
1935	30099	77
1937	30176	96
1945	30272	113
1956	30385	310
1973	30695	168
1983	30863	221
2002	31084	392
2021	31476	390
2035	31866	230
2046	32096	146
2049	32242	83
2056	32325	87
2064	32412	246
2076	32658	236
2086	32894	240
2096	33134	201
2107	33335	203
2113	33538	136
2118	33674	86
2127	33760	167
2134	33927	197
2140	34124	113
2147	34237	314
2158	34551	180
2168	34731	263
2180	34994	301
2191	35295	230
2196	35525	100
2204	35625	167
2208	35792	116
2216	35908	239
2223	36147	204
2228	36351	259
2234	36610	102
2239	36712	214
2244	36926	136
2250	37062	343
2254	37405	180
2259	37585	165
2262	37750	175
2264	37925	96
2266	38021	149
2268	38170	293
2270	38463	149
2272	38612	149
2275	38761	261
2277	39022	168
2278	39190	129
2282	39319	188
2285	39507	254
2288	39761	254
2292	40015	397
2296	40412	194
2297	40606	132
2300	40738	217
2301	40955	162
2304	41117	334
2306	41451	146
2308	41597	144
2310	41741	148
2312	41889	257
2314	42146	313
2317	42459	339
2319	42798	31
2321	42829	139
2322	42968	143
2324	43111	142
2326	43253	148
2328	43401	341
2330	43742	151
2332	43893	99
2333	43992	60
2335	44052	357
2338	44409	212
2340	44621	234
2342	44855	359
2344	45214	359
2346	45573	296
2349	45869	359
2352	46228	361
2354	46589	73
2356	46662	313
2358	46975	313
2360	47288	159
2362	47447	180
2363	47627	195
2366	47822	275
2368	48097	62
2370	48159	313
2372	48472	181
