312	0	1868
322	1868	1124
331	2992	410
338	3402	572
344	3974	818
350	4792	650
363	5442	1058
370	6500	596
375	7096	602
377	7698	602
387	8300	1424
423	9724	3842
456	13566	1814
471	15380	1526
495	16906	3362
517	20268	548
521	20816	554
529	21370	1520
540	22890	854
548	23744	1154
557	24898	1556
567	26454	872
575	27326	1460
596	28786	3722
624	32508	1010
634	33518	938
645	34456	1346
660	35802	1952
678	37754	1814
693	39568	1646
712	41214	2180
730	43394	1016
737	44410	842
746	45252	1082
757	46334	2018
778	48352	1898
795	50250	1898
818	52148	1916
833	54064	1232
843	55296	1442
856	56738	1982
873	58720	1832
883	60552	806
890	61358	542
899	61900	1286
912	63186	1838
922	65024	368
928	65392	848
937	66240	1046
946	67286	1238
957	68524	1244
967	69768	668
974	70436	698
984	71134	1568
1001	72702	1520
1010	74222	950
1022	75172	848
1035	76020	2054
1047	78074	350
1056	78424	1310
1065	79734	1316
1072	81050	386
1076	81436	1010
1084	82446	470
1089	82916	1406
1101	84322	1400
1109	85722	530
1113	86252	356
1126	86608	2486
1144	89094	842
1156	89936	1424
1166	91360	1064
1173	92424	1004
1181	93428	602
1186	94030	770
1197	94800	1352
1210	96152	992
1219	97144	1142
1230	98286	908
1236	99194	596
1244	99790	1118
1262	100908	2258
1288	103166	2000
1306	105166	1160
1316	106326	1046
1327	107372	1778
1338	109150	956
1345	110106	1424
1356	111530	722
1362	112252	956
1372	113208	992
1382	114200	1088
1390	115288	1993
1400	117281	1118
1409	118399	1118
1418	119517	1550
1427	121067	1112
1437	122179	974
1442	123153	404
1444	123557	410
1448	123967	404
1451	124371	404
1459	124775	1790
1475	126565	1592
1497	128157	3134
1523	131291	3092
1550	134383	1994
1565	136377	1376
1573	137753	1130
1584	138883	1160
1594	140043	1130
1604	141173	1130
1613	142303	914
1622	143217	1352
1630	144569	1010
1646	145579	1820
1662	147399	1904
1677	149303	1904
1690	151207	1904
1703	153111	1904
1720	155015	1904
1733	156919	860
1741	157779	692
1748	158471	626
1755	159097	1070
1770	160167	1514
1778	161681	1070
1786	162751	1148
1795	163899	404
1802	164303	1046
1813	165349	1640
1822	166989	1082
1833	168071	1160
1841	169231	830
1850	170061	1592
1861	171653	734
1868	172387	902
1880	173289	1880
1892	175169	2156
1906	177325	938
1912	178263	884
1921	179147	1112
1926	180259	752
1935	181011	458
1937	181469	572
1945	182041	674
1956	182715	1856
1973	184571	1004
1983	185575	1322
2002	186897	2348
2021	189245	2336
2035	191581	1376
2046	192957	872
2049	193829	494
2056	194323	518
2064	194841	1472
2076	196313	1412
2086	197725	1436
2096	199161	1202
2107	200363	1214
2113	201577	812
2118	202389	512
2127	202901	998
2134	203899	1178
2140	205077	674
2147	205751	1880
2158	207631	1076
2168	208707	1574
2180	210281	1802
2191	212083	1376
2196	213459	596
2204	214055	998
2208	215053	692
2216	215745	1430
2223	217175	1220
2228	218395	1550
2234	219945	608
2239	220553	1280
2244	221833	812
2250	222645	2054
2254	224699	1076
2259	225775	986
2262	226761	1046
2264	227807	572
2266	228379	890
2268	229269	1754
2270	231023	890
2272	231913	890
2275	232803	1562
2277	234365	1004
2278	235369	770
2282	236139	1124
2285	237263	1520
2288	238783	1520
2292	240303	2378
2296	242681	1160
2297	243841	788
2300	244629	1298
2301	245927	968
2304	246895	2000
2306	248895	872
2308	249767	860
2310	250627	884
2312	251511	1538
2314	253049	1874
2317	254923	2030
2319	256953	182
2321	257135	830
2322	257965	854
2324	258819	848
2326	259667	884
2328	260551	2042
2330	262593	902
2332	263495	590
2333	264085	356
2335	264441	2138
2338	266579	1268
2340	267847	1400
2342	269247	2150
2344	271397	2150
2346	273547	1772
2349	275319	2150
2352	277469	2162
2354	279631	434
2356	280065	1874
2358	281939	1874
2360	283813	950
2362	284763	1076
2363	285839	1166
2366	287005	1646
2368	288651	368
2370	289019	1874
2372	290893	1082
