304	0	1460
324	1460	2156
345	3616	2162
364	5778	2306
384	8084	1850
405	9934	1934
426	11868	1832
441	13700	1994
455	15694	962
472	16656	2534
490	19190	1184
499	20374	548
508	20922	986
513	21908	626
519	22534	776
526	23310	956
537	24266	1706
553	25972	1832
563	27804	836
573	28640	1820
583	30460	1232
593	31692	1334
610	33026	2180
633	35206	2210
654	37416	2330
671	39746	1004
685	40750	2336
707	43086	2318
724	45404	980
740	46384	2294
756	48678	1022
764	49700	452
770	50152	968
780	51120	998
792	52118	2162
807	54280	872
820	55152	1184
838	56336	2390
855	58726	2012
872	60738	2012
894	62750	2402
909	65152	974
915	66126	530
930	66656	2030
949	68686	1970
961	70656	554
975	71210	1880
995	73090	1880
1014	74970	1880
1034	76850	1880
1052	78730	1880
1068	80610	1880
1085	82490	1880
1098	84370	1880
1119	86250	1880
1137	88130	1880
1148	90010	860
1161	90870	1070
1168	91940	1082
1174	93022	710
1188	93732	2348
1207	96080	800
1214	96880	1058
1226	97938	620
1231	98558	692
1243	99250	1910
1260	101160	1226
1267	102386	380
1275	102766	986
1284	103752	932
1293	104684	680
1301	105364	896
1312	106260	1334
1324	107594	1220
1334	108814	1916
1346	110730	854
1355	111584	1118
1364	112702	1178
1374	113880	536
1377	114416	560
1383	114976	560
1392	115536	860
1403	116396	866
1410	117262	914
1417	118176	1364
1425	119540	662
1436	120202	1658
1447	121860	740
1463	122600	2834
1480	125434	374
1487	125808	1076
1494	126884	950
1502	127834	854
1507	128688	860
1515	129548	1010
1526	130558	2348
1540	132906	350
1545	133256	1010
1554	134266	1142
1561	135408	734
1568	136142	680
1580	136822	2246
1599	139068	1304
1609	140372	1334
1618	141706	602
1621	142308	500
1627	142808	794
1637	143602	2336
1649	145938	686
1657	146624	1094
1668	147718	1316
1682	149034	2534
1693	151568	464
1699	152032	1358
1709	153390	1640
1719	155030	788
1727	155818	1016
1738	156834	938
1752	157772	1724
1767	159496	1382
1780	160878	1832
1791	162710	818
1799	163528	602
1805	164130	1010
1816	165140	1664
1826	166804	764
1832	167568	374
1837	167942	1046
1842	168988	518
1856	169506	1034
1864	170540	1118
1872	171658	356
1891	172014	3746
1916	175760	536
1923	176296	902
1927	177198	626
1939	177824	1520
1953	179344	1112
1962	180456	836
1974	181292	2336
1996	183628	2498
2010	186126	1022
2022	187148	2282
2034	189430	908
2044	190338	1004
2055	191342	1544
2065	192886	374
2067	193260	464
2081	193724	2336
2094	196060	1016
2099	197076	314
2103	197390	1004
2110	198394	776
2119	199170	1508
2133	200678	2336
2145	203014	1004
2153	204018	776
2162	204794	2336
2174	207130	1004
2187	208134	2330
2203	210464	1682
2210	212146	1688
2221	213834	1748
2279	215582	830
2281	216412	812
2284	217224	1280
2287	218504	1280
2290	219784	1352
2293	221136	1364
2295	222500	1442
2299	223942	2366
2303	226308	1430
2305	227738	1244
2307	228982	1118
2309	230100	1514
2311	231614	818
2313	232432	1094
2315	233526	1118
2316	234644	1292
2318	235936	1400
2320	237336	818
2323	238154	1088
2325	239242	1118
2327	240360	1400
2329	241760	1430
2331	243190	1292
2334	244482	1256
2336	245738	1028
2337	246766	1442
2339	248208	1430
2341	249638	1178
2343	250816	2252
2345	253068	1604
2347	254672	1412
2348	256084	1142
2350	257226	1040
2351	258266	1202
2353	259468	1412
2355	260880	1400
2357	262280	1412
2359	263692	1448
2361	265140	1442
2364	266582	1514
2365	268096	854
2367	268950	1406
2369	270356	1454
2371	271810	812
2373	272622	1292
2374	273914	1424
2375	275338	1460
2376	276798	1346
