5	0	1394
17	1394	1064
21	2458	572
23	3030	680
31	3710	1646
39	5356	2324
48	7680	860
56	8540	1364
62	9904	884
68	10788	698
73	11486	1598
83	13084	1628
95	14712	1778
101	16490	854
104	17344	524
108	17868	620
115	18488	1772
125	20260	1634
135	21894	1568
144	23462	1412
150	24874	890
156	25764	962
161	26726	1406
168	28132	1490
175	29622	980
179	30602	434
181	31036	938
187	31974	1688
193	33662	602
196	34264	842
200	35106	362
203	35468	1052
208	36520	470
213	36990	1094
218	38084	716
228	38800	1880
238	40680	2072
251	42752	1790
258	44542	854
263	45396	1016
271	46412	1004
279	47416	1508
310	48924	3734
341	52658	1652
354	54310	1904
366	56214	704
376	56918	1418
385	58336	752
392	59088	854
397	59942	356
402	60298	518
412	60816	1298
422	62114	764
435	62878	2036
445	64914	152
449	65066	722
462	65788	2174
476	67962	638
481	68600	752
489	69352	1496
504	70848	1292
518	72140	2402
542	74542	2240
556	76782	1166
570	77948	2420
589	80368	1778
603	82146	1922
618	84068	620
631	84688	1982
648	86670	782
658	87452	884
667	88336	986
673	89322	650
682	89972	704
684	90676	644
691	91320	644
694	91964	536
701	92500	782
706	93282	584
715	93866	1160
721	95026	722
732	95748	308
741	96056	2372
763	98428	1544
776	99972	1334
783	101306	500
796	101806	2126
813	103932	1106
822	105038	344
828	105382	890
840	106272	1364
853	107636	1982
860	109618	710
864	110328	182
874	110510	1916
884	112426	722
893	113148	1022
904	114170	1574
914	115744	854
926	116598	1748
941	118346	1664
952	120010	662
959	120672	1022
969	121694	1172
977	122866	374
988	123240	1862
1003	125102	560
1015	125662	1958
1031	127620	1136
1041	128756	1064
1050	129820	1028
1057	130848	632
1066	131480	2198
1086	133678	1178
1095	134856	1322
1107	136178	1352
1120	137530	1514
1130	139044	830
1141	139874	1682
1154	141556	542
1159	142098	734
1167	142832	1442
1177	144274	548
1184	144822	1364
1198	146186	1310
1211	147496	1322
1223	148818	908
1235	149726	1550
1251	151276	1448
1258	152724	566
1265	153290	830
1273	154120	842
1277	154962	350
1281	155312	356
1297	155668	2126
1313	157794	356
1321	158150	1436
1331	159586	1364
1347	160950	2498
1367	163448	1712
1384	165160	644
1393	165804	1478
1406	167282	1664
1420	168946	1958
1445	170904	1718
1457	172622	1094
1467	173716	1118
1474	174834	836
1486	175670	2018
1500	177688	1010
1509	178698	1514
1519	180212	1880
1529	182092	458
1534	182550	680
1543	183230	1520
1556	184750	1034
1564	185784	860
1571	186644	1346
1586	187990	1412
1593	189402	230
1602	189632	1490
1612	191122	1004
1626	192126	2150
1643	194276	2144
1661	196420	2144
1678	198564	2150
1694	200714	2144
1707	202858	998
1715	203856	1334
1731	205190	2114
1747	207304	824
1759	208128	1658
1773	209786	1082
1782	210868	968
1792	211836	1706
1810	213542	1862
1828	215404	2546
1853	217950	2546
1876	220496	2546
1887	223042	752
1895	223794	1034
1902	224828	1034
1909	225862	1034
1917	226896	1010
1929	227906	1574
1944	229480	926
1947	230406	488
1961	230894	1988
1972	232882	878
1984	233760	1520
1998	235280	2006
2009	237286	1088
2016	238374	896
2025	239270	1700
2037	240970	668
2045	241638	1046
2053	242684	1064
2062	243748	944
2069	244692	704
2074	245396	764
2078	246160	368
2084	246528	746
2090	247274	1226
2098	248500	662
2104	249162	1052
2111	250214	920
2117	251134	608
2126	251742	1646
2139	253388	1790
2149	255178	1532
2156	256710	794
2160	257504	716
2165	258220	698
2169	258918	728
2175	259646	806
2183	260452	1148
2190	261600	1088
2200	262688	2036
2207	264724	596
2214	265320	1016
2222	266336	1910
2229	268246	1082
2233	269328	758
2236	270086	368
2240	270454	1202
2245	271656	932
2251	272588	2144
2255	274732	500
2258	275232	920
2261	276152	920
2263	277072	1016
