299	0	1232
309	1232	1442
319	2674	806
329	3480	1406
340	4886	1400
348	6286	842
356	7128	1118
368	8246	1424
379	9670	1118
388	10788	1118
401	11906	1376
413	13282	812
425	14094	1376
434	15470	1070
442	16540	836
451	17376	1094
460	18470	1094
470	19564	1094
478	20658	1064
486	21722	1088
498	22810	1088
509	23898	1442
522	25340	1190
533	26530	1280
545	27810	1436
555	29246	1424
566	30670	1454
577	32124	1406
590	33530	1628
605	35158	1778
619	36936	1094
628	38030	1298
639	39328	1172
651	40500	1136
662	41636	1064
681	42700	1178
692	43878	1442
702	45320	1094
713	46414	1490
729	47904	1088
738	48992	1202
750	50194	1442
758	51636	812
767	52448	1148
781	53596	1292
789	54888	1346
803	56234	1610
829	57844	2420
847	60264	1616
859	61880	1436
871	63316	1340
881	64656	1196
892	65852	806
896	66658	806
905	67464	1430
919	68894	1430
929	70324	812
936	71136	812
944	71948	812
953	72760	1430
965	74190	968
979	75158	992
989	76150	1118
1002	77268	1148
1011	78416	1166
1026	79582	1244
1037	80826	1226
1049	82052	1430
1060	83482	1400
1070	84882	1316
1081	86198	1316
1090	87514	1394
1104	88908	1340
1115	90248	1118
1129	91366	1376
1140	92742	1118
1153	93860	1430
1164	95290	1430
1178	96720	1370
1191	98090	1424
1202	99514	890
1213	100404	914
1225	101318	1118
1234	102436	1118
1245	103554	1262
1256	104816	1118
1270	105934	1400
1282	107334	1310
1299	108644	1364
1311	110008	1070
1320	111078	1226
