295	0	836
306	836	1094
314	1930	764
320	2694	710
325	3404	602
330	4006	362
334	4368	656
362	5024	3590
391	8614	1298
398	9912	368
416	10280	2570
433	12850	1298
446	14148	1424
454	15572	584
461	16156	1022
466	17178	650
474	17828	896
500	18724	3998
528	22722	704
534	23426	890
544	24316	914
550	25230	1004
560	26234	1916
576	28150	1916
584	30066	470
594	30536	854
601	31390	620
611	32010	656
616	32666	1118
623	33784	506
629	34290	428
637	34718	566
642	35284	548
649	35832	446
655	36278	602
663	36880	1118
668	37998	362
676	38360	1490
689	39850	1130
697	40980	956
710	41936	1910
722	43846	416
733	44262	596
739	44858	764
744	45622	416
749	46038	416
755	46454	416
760	46870	446
766	47316	440
771	47756	632
779	48388	416
784	48804	656
793	49460	704
802	50164	848
812	51012	416
819	51428	434
824	51862	884
835	52746	1508
851	54254	2270
868	56524	1940
878	58464	638
891	59102	1706
908	60808	2336
923	63144	632
931	63776	1262
938	65038	194
942	65232	794
950	66026	908
956	66934	1016
968	67950	1010
976	68960	980
986	69940	938
991	70878	368
998	71246	1034
1007	72280	368
1016	72648	1334
1023	73982	398
1029	74380	386
1032	74766	530
1040	75296	986
1045	76282	896
1061	77178	2162
1078	79340	2180
1097	81520	2156
1112	83676	926
1116	84602	182
1121	84784	182
1123	84966	380
1125	85346	344
1127	85690	338
1133	86028	452
1139	86480	674
1146	87154	1004
1160	88158	1394
1169	89552	1082
1180	90634	1046
1190	91680	1508
1201	93188	836
1209	94024	554
1218	94578	1118
1229	95696	1238
1242	96934	476
1246	97410	428
1253	97838	692
1257	98530	644
1263	99174	644
1271	99818	602
1276	100420	986
1285	101406	572
1292	101978	368
1305	102346	890
1314	103236	1046
1323	104282	1034
1328	105316	998
1333	106314	494
1340	106808	602
1344	107410	752
1351	108162	1136
1360	109298	1340
1370	110638	728
1379	111366	554
1388	111920	1070
1399	112990	1130
1404	114120	500
1413	114620	914
1422	115534	1790
1432	117324	1070
1443	118394	1670
1454	120064	776
1458	120840	938
1466	121778	602
1473	122380	1310
1484	123690	1400
1499	125090	1736
1508	126826	1046
1514	127872	578
1518	128450	1310
1528	129760	938
1535	130698	836
1548	131534	1820
1563	133354	1802
1576	135156	1058
1582	136214	170
1585	136384	560
1589	136944	644
1600	137588	1454
1608	139042	752
1617	139794	374
1625	140168	1808
1636	141976	1316
1644	143292	1088
1650	144380	962
1659	145342	962
1667	146304	908
1673	147212	1148
1680	148360	830
1687	149190	956
1692	150146	1082
1702	151228	1622
1711	152850	986
1723	153836	1472
1735	155308	830
1749	156138	2318
1769	158456	968
1776	159424	956
1784	160380	1022
1789	161402	602
1798	162004	980
1804	162984	890
1812	163874	1022
1824	164896	2060
1840	166956	1034
1852	167990	1832
1869	169822	1868
1881	171690	1136
1889	172826	1394
1904	174220	2300
1918	176520	1364
1933	177884	1598
1943	179482	218
1951	179700	1316
1960	181016	1046
1970	182062	1064
1981	183126	1580
1997	184706	2186
2011	186892	1742
2023	188634	1400
2031	190034	974
2036	191008	194
2041	191202	944
2048	192146	440
2057	192586	1424
2073	194010	1952
2083	195962	908
2088	196870	824
2095	197694	560
2101	198254	908
2106	199162	338
2115	199500	1904
2131	201404	2432
2148	203836	2198
2159	206034	1076
2167	207110	944
2172	208054	686
2176	208740	494
2179	209234	476
2189	209710	1868
2201	211578	1910
2213	213488	1880
2224	215368	1880
2232	217248	1244
2238	218492	1016
2243	219508	980
2248	220488	1004
2252	221492	1496
2256	222988	1358
2260	224346	1070
2265	225416	1826
2267	227242	902
2269	228144	968
2271	229112	1052
2273	230164	650
2274	230814	650
2276	231464	1910
2280	233374	1898
2283	235272	572
2286	235844	2162
2289	238006	566
2291	238572	998
2294	239570	1904
2298	241474	1832
2302	243306	2468
