304	0	8
324	8	8
345	16	8
364	24	8
384	32	8
405	40	8
426	48	8
441	56	8
455	64	8
472	72	8
490	80	8
499	88	8
508	96	8
513	104	8
519	112	8
526	120	8
537	128	8
553	136	8
563	144	8
573	152	8
583	160	8
593	168	8
610	176	8
633	184	8
654	192	8
671	200	8
685	208	8
707	216	8
724	224	8
740	232	8
756	240	8
764	248	8
770	256	8
780	264	8
792	272	8
807	280	8
820	288	8
838	296	8
855	304	8
872	312	8
894	320	8
909	328	8
915	336	8
930	344	8
949	352	8
961	360	8
975	368	8
995	376	8
1014	384	8
1034	392	8
1052	400	8
1068	408	8
1085	416	8
1098	424	8
1119	432	8
1137	440	8
1148	448	8
1161	456	8
1168	464	8
1174	472	8
1188	480	8
1207	488	8
1214	496	8
1226	504	8
1231	512	8
1243	520	8
1260	528	8
1267	536	8
1275	544	8
1284	552	8
1293	560	8
1301	568	8
1312	576	8
1324	584	8
1334	592	8
1346	600	8
1355	608	8
1364	616	8
1374	624	8
1377	632	8
1383	640	8
1392	648	8
1403	656	8
1410	664	8
1417	672	8
1425	680	8
1436	688	8
1447	696	8
1463	704	8
1480	712	8
1487	720	8
1494	728	8
1502	736	8
1507	744	8
1515	752	8
1526	760	8
1540	768	8
1545	776	8
1554	784	8
1561	792	8
1568	800	8
1580	808	8
1599	816	8
1609	824	8
1618	832	8
1621	840	8
1627	848	8
1637	856	8
1649	864	8
1657	872	8
1668	880	8
1682	888	8
1693	896	8
1699	904	8
1709	912	8
1719	920	8
1727	928	8
1738	936	8
1752	944	8
1767	952	8
1780	960	8
1791	968	8
1799	976	8
1805	984	8
1816	992	8
1826	1000	8
1832	1008	8
1837	1016	8
1842	1024	8
1856	1032	8
1864	1040	8
1872	1048	8
1891	1056	8
1916	1064	8
1923	1072	8
1927	1080	8
1939	1088	8
1953	1096	8
1962	1104	8
1974	1112	8
1996	1120	8
2010	1128	8
2022	1136	8
2034	1144	8
2044	1152	8
2055	1160	8
2065	1168	8
2067	1176	8
2081	1184	8
2094	1192	8
2099	1200	8
2103	1208	8
2110	1216	8
2119	1224	8
2133	1232	8
2145	1240	8
2153	1248	8
2162	1256	8
2174	1264	8
2187	1272	8
2203	1280	8
2210	1288	8
2221	1296	8
2279	1304	8
2281	1312	8
2284	1320	8
2287	1328	8
2290	1336	8
2293	1344	8
2295	1352	8
2299	1360	8
2303	1368	8
2305	1376	8
2307	1384	8
2309	1392	8
2311	1400	8
2313	1408	8
2315	1416	8
2316	1424	8
2318	1432	8
2320	1440	8
2323	1448	8
2325	1456	8
2327	1464	8
2329	1472	8
2331	1480	8
2334	1488	8
2336	1496	8
2337	1504	8
2339	1512	8
2341	1520	8
2343	1528	8
2345	1536	8
2347	1544	8
2348	1552	8
2350	1560	8
2351	1568	8
2353	1576	8
2355	1584	8
2357	1592	8
2359	1600	8
2361	1608	8
2364	1616	8
2365	1624	8
2367	1632	8
2369	1640	8
2371	1648	8
2373	1656	8
2374	1664	8
2375	1672	8
2376	1680	8
