40	0	168
50	168	417
61	585	60
65	645	130
74	775	341
87	1116	390
98	1506	182
107	1688	191
113	1879	134
118	2013	146
124	2159	180
130	2339	168
134	2507	139
141	2646	175
152	2821	392
165	3213	351
174	3564	192
180	3756	262
188	4018	249
195	4267	257
206	4524	344
217	4868	175
222	5043	108
227	5151	136
232	5287	120
236	5407	84
243	5491	182
252	5673	173
256	5846	133
261	5979	127
264	6106	127
269	6233	60
274	6293	190
281	6483	190
288	6673	266
301	6939	365
317	7304	247
328	7551	172
335	7723	60
342	7783	168
349	7951	148
353	8099	101
360	8200	107
372	8307	284
382	8591	214
394	8805	214
406	9019	101
415	9120	147
420	9267	149
430	9416	149
436	9565	149
443	9714	149
452	9863	177
463	10040	239
477	10279	365
488	10644	41
497	10685	159
507	10844	176
516	11020	233
525	11253	176
535	11429	189
547	11618	189
554	11807	226
562	12033	131
568	12164	131
572	12295	127
578	12422	62
585	12484	315
599	12799	127
604	12926	164
614	13090	233
625	13323	186
638	13509	168
644	13677	107
652	13784	220
666	14004	228
674	14232	125
680	14357	59
688	14416	257
703	14673	323
717	14996	93
719	15089	59
725	15148	69
736	15217	241
747	15458	132
753	15590	101
759	15691	177
773	15868	395
790	16263	108
801	16371	239
808	16610	58
815	16668	60
821	16728	149
830	16877	124
834	17001	61
842	17062	208
849	17270	139
857	17409	168
867	17577	303
876	17880	76
888	17956	328
902	18284	82
906	18366	152
917	18518	232
932	18750	348
948	19098	154
960	19252	277
971	19529	93
980	19622	140
990	19762	193
1000	19955	140
1005	20095	110
1012	20205	150
1028	20355	254
1043	20609	392
1064	21001	342
1080	21343	273
1088	21616	133
1092	21749	60
1096	21809	60
1100	21869	79
1108	21948	160
1117	22108	187
1134	22295	383
1147	22678	101
1157	22779	183
1170	22962	293
1182	23255	155
1192	23410	160
1200	23570	159
1215	23729	317
1228	24046	32
1237	24078	253
1247	24331	59
1254	24390	137
1264	24527	259
1279	24786	255
1290	25041	82
1298	25123	78
1310	25201	284
1330	25485	489
1352	25974	236
1363	26210	188
1375	26398	183
1385	26581	79
1398	26660	342
1414	27002	321
1426	27323	268
1433	27591	59
1438	27650	149
1449	27799	267
1462	28066	168
1472	28234	187
1479	28421	154
1491	28575	352
1510	28927	349
1522	29276	214
1533	29490	214
1542	29704	214
1560	29918	389
1577	30307	216
1591	30523	130
1598	30653	154
1605	30807	112
1611	30919	146
1619	31065	128
1629	31193	259
1638	31452	234
1647	31686	97
1655	31783	156
1660	31939	137
1671	32076	350
1686	32426	349
1697	32775	169
1705	32944	163
1717	33107	296
1726	33403	71
1732	33474	182
1742	33656	129
1751	33785	187
1761	33972	149
1768	34121	70
1779	34191	357
1801	34548	359
1811	34907	68
1818	34975	80
1821	35055	139
1830	35194	162
1838	35356	189
1846	35545	173
1855	35718	144
1862	35862	135
1865	35997	56
1871	36053	117
1877	36170	200
1884	36370	234
1893	36604	191
1899	36795	59
1901	36854	57
1907	36911	146
1913	37057	162
1919	37219	87
1928	37306	239
1942	37545	152
1954	37697	276
1966	37973	216
1979	38189	210
1987	38399	107
1991	38506	103
1995	38609	100
2006	38709	399
2020	39108	191
