1	0	8
3	8	8
6	16	8
12	24	8
27	32	8
33	40	8
36	48	8
45	56	8
53	64	8
60	72	8
70	80	8
76	88	8
80	96	8
84	104	8
93	112	8
102	120	8
110	128	8
116	136	8
121	144	8
128	152	8
136	160	8
143	168	8
148	176	8
153	184	8
155	192	8
157	200	8
162	208	8
172	216	8
183	224	8
190	232	8
199	240	8
204	248	8
210	256	8
219	264	8
224	272	8
233	280	8
239	288	8
242	296	8
246	304	8
250	312	8
255	320	8
260	328	8
265	336	8
272	344	8
278	352	8
289	360	8
296	368	8
313	376	8
323	384	8
337	392	8
346	400	8
351	408	8
357	416	8
365	424	8
373	432	8
380	440	8
389	448	8
393	456	8
400	464	8
408	472	8
414	480	8
419	488	8
428	496	8
438	504	8
444	512	8
450	520	8
457	528	8
465	536	8
473	544	8
484	552	8
496	560	8
506	568	8
515	576	8
527	584	8
539	592	8
551	600	8
558	608	8
571	616	8
581	624	8
591	632	8
608	640	8
620	648	8
632	656	8
646	664	8
657	672	8
670	680	8
683	688	8
699	696	8
723	704	8
745	712	8
762	720	8
775	728	8
791	736	8
804	744	8
810	752	8
816	760	8
825	768	8
839	776	8
844	784	8
852	792	8
863	800	8
875	808	8
882	816	8
897	824	8
913	832	8
920	840	8
927	848	8
933	856	8
943	864	8
954	872	8
966	880	8
972	888	8
981	896	8
987	904	8
992	912	8
997	920	8
1008	928	8
1013	936	8
1020	944	8
1030	952	8
1042	960	8
1046	968	8
1053	976	8
1062	984	8
1069	992	8
1071	1000	8
1079	1008	8
1087	1016	8
1094	1024	8
1106	1032	8
1124	1040	8
1138	1048	8
1155	1056	8
1171	1064	8
1183	1072	8
1194	1080	8
1203	1088	8
1217	1096	8
1232	1104	8
1249	1112	8
1259	1120	8
1274	1128	8
1294	1136	8
1302	1144	8
1309	1152	8
1322	1160	8
1336	1168	8
1358	1176	8
1373	1184	8
1386	1192	8
1391	1200	8
1402	1208	8
1412	1216	8
1419	1224	8
1435	1232	8
1455	1240	8
1469	1248	8
1485	1256	8
1495	1264	8
1511	1272	8
1524	1280	8
1530	1288	8
1538	1296	8
1544	1304	8
1553	1312	8
1557	1320	8
1567	1328	8
1575	1336	8
1587	1344	8
1596	1352	8
1606	1360	8
1620	1368	8
1631	1376	8
1641	1384	8
1656	1392	8
1670	1400	8
1676	1408	8
1684	1416	8
1695	1424	8
1704	1432	8
1710	1440	8
1718	1448	8
1724	1456	8
1729	1464	8
1736	1472	8
1740	1480	8
1764	1488	8
1794	1496	8
1809	1504	8
1820	1512	8
1831	1520	8
1839	1528	8
1845	1536	8
1858	1544	8
1867	1552	8
1875	1560	8
1886	1568	8
1897	1576	8
1905	1584	8
1915	1592	8
1924	1600	8
1931	1608	8
1938	1616	8
1946	1624	8
1955	1632	8
1959	1640	8
1965	1648	8
1971	1656	8
1986	1664	8
1999	1672	8
2007	1680	8
2012	1688	8
2018	1696	8
2026	1704	8
2039	1712	8
2051	1720	8
2061	1728	8
2071	1736	8
2079	1744	8
2091	1752	8
2108	1760	8
2116	1768	8
2123	1776	8
2125	1784	8
2130	1792	8
2136	1800	8
2146	1808	8
2161	1816	8
2173	1824	8
2185	1832	8
2195	1840	8
2199	1848	8
