299	0	206
309	206	241
319	447	135
329	582	235
340	817	234
348	1051	141
356	1192	187
368	1379	238
379	1617	187
388	1804	187
401	1991	230
413	2221	136
425	2357	230
434	2587	179
442	2766	140
451	2906	183
460	3089	183
470	3272	183
478	3455	178
486	3633	182
498	3815	182
509	3997	241
522	4238	199
533	4437	214
545	4651	240
555	4891	238
566	5129	243
577	5372	235
590	5607	272
605	5879	297
619	6176	183
628	6359	217
639	6576	196
651	6772	190
662	6962	178
681	7140	197
692	7337	241
702	7578	183
713	7761	249
729	8010	182
738	8192	201
750	8393	241
758	8634	136
767	8770	192
781	8962	216
789	9178	225
803	9403	269
829	9672	404
847	10076	270
859	10346	240
871	10586	224
881	10810	200
892	11010	135
896	11145	135
905	11280	239
919	11519	239
929	11758	136
936	11894	136
944	12030	136
953	12166	239
965	12405	162
979	12567	166
989	12733	187
1002	12920	192
1011	13112	195
1026	13307	208
1037	13515	205
1049	13720	239
1060	13959	234
1070	14193	220
1081	14413	220
1090	14633	233
1104	14866	224
1115	15090	187
1129	15277	230
1140	15507	187
1153	15694	239
1164	15933	239
1178	16172	229
1191	16401	238
1202	16639	149
1213	16788	153
1225	16941	187
1234	17128	187
1245	17315	211
1256	17526	187
1270	17713	234
1282	17947	219
1299	18166	228
1311	18394	179
1320	18573	205
