5	0	8
17	8	8
21	16	8
23	24	8
31	32	8
39	40	8
48	48	8
56	56	8
62	64	8
68	72	8
73	80	8
83	88	8
95	96	8
101	104	8
104	112	8
108	120	8
115	128	8
125	136	8
135	144	8
144	152	8
150	160	8
156	168	8
161	176	8
168	184	8
175	192	8
179	200	8
181	208	8
187	216	8
193	224	8
196	232	8
200	240	8
203	248	8
208	256	8
213	264	8
218	272	8
228	280	8
238	288	8
251	296	8
258	304	8
263	312	8
271	320	8
279	328	8
310	336	8
341	344	8
354	352	8
366	360	8
376	368	8
385	376	8
392	384	8
397	392	8
402	400	8
412	408	8
422	416	8
435	424	8
445	432	8
449	440	8
462	448	8
476	456	8
481	464	8
489	472	8
504	480	8
518	488	8
542	496	8
556	504	8
570	512	8
589	520	8
603	528	8
618	536	8
631	544	8
648	552	8
658	560	8
667	568	8
673	576	8
682	584	8
684	592	8
691	600	8
694	608	8
701	616	8
706	624	8
715	632	8
721	640	8
732	648	8
741	656	8
763	664	8
776	672	8
783	680	8
796	688	8
813	696	8
822	704	8
828	712	8
840	720	8
853	728	8
860	736	8
864	744	8
874	752	8
884	760	8
893	768	8
904	776	8
914	784	8
926	792	8
941	800	8
952	808	8
959	816	8
969	824	8
977	832	8
988	840	8
1003	848	8
1015	856	8
1031	864	8
1041	872	8
1050	880	8
1057	888	8
1066	896	8
1086	904	8
1095	912	8
1107	920	8
1120	928	8
1130	936	8
1141	944	8
1154	952	8
1159	960	8
1167	968	8
1177	976	8
1184	984	8
1198	992	8
1211	1000	8
1223	1008	8
1235	1016	8
1251	1024	8
1258	1032	8
1265	1040	8
1273	1048	8
1277	1056	8
1281	1064	8
1297	1072	8
1313	1080	8
1321	1088	8
1331	1096	8
1347	1104	8
1367	1112	8
1384	1120	8
1393	1128	8
1406	1136	8
1420	1144	8
1445	1152	8
1457	1160	8
1467	1168	8
1474	1176	8
1486	1184	8
1500	1192	8
1509	1200	8
1519	1208	8
1529	1216	8
1534	1224	8
1543	1232	8
1556	1240	8
1564	1248	8
1571	1256	8
1586	1264	8
1593	1272	8
1602	1280	8
1612	1288	8
1626	1296	8
1643	1304	8
1661	1312	8
1678	1320	8
1694	1328	8
1707	1336	8
1715	1344	8
1731	1352	8
1747	1360	8
1759	1368	8
1773	1376	8
1782	1384	8
1792	1392	8
1810	1400	8
1828	1408	8
1853	1416	8
1876	1424	8
1887	1432	8
1895	1440	8
1902	1448	8
1909	1456	8
1917	1464	8
1929	1472	8
1944	1480	8
1947	1488	8
1961	1496	8
1972	1504	8
1984	1512	8
1998	1520	8
2009	1528	8
2016	1536	8
2025	1544	8
2037	1552	8
2045	1560	8
2053	1568	8
2062	1576	8
2069	1584	8
2074	1592	8
2078	1600	8
2084	1608	8
2090	1616	8
2098	1624	8
2104	1632	8
2111	1640	8
2117	1648	8
2126	1656	8
2139	1664	8
2149	1672	8
2156	1680	8
2160	1688	8
2165	1696	8
2169	1704	8
2175	1712	8
2183	1720	8
2190	1728	8
2200	1736	8
2207	1744	8
2214	1752	8
2222	1760	8
2229	1768	8
2233	1776	8
2236	1784	8
2240	1792	8
2245	1800	8
2251	1808	8
2255	1816	8
2258	1824	8
2261	1832	8
2263	1840	8
