2	0	192
8	192	108
11	300	140
15	440	60
25	500	315
32	815	229
37	1044	232
43	1276	241
51	1517	233
57	1750	61
59	1811	183
66	1994	121
71	2115	136
75	2251	120
79	2371	101
88	2472	354
99	2826	215
106	3041	217
111	3258	210
119	3468	157
129	3625	318
138	3943	173
140	4116	41
147	4157	239
154	4396	200
163	4596	380
171	4976	169
178	5145	153
182	5298	249
197	5547	539
211	6086	123
216	6209	125
223	6334	188
229	6522	84
234	6606	249
244	6855	267
253	7122	272
262	7394	249
270	7643	81
273	7724	85
276	7809	116
280	7925	121
284	8046	122
287	8168	115
291	8283	116
294	8399	170
300	8569	363
311	8932	121
332	9053	641
359	9694	155
367	9849	161
381	10010	366
399	10376	172
407	10548	108
418	10656	259
431	10915	178
439	11093	186
453	11279	303
468	11582	318
482	11900	192
493	12092	213
505	12305	196
511	12501	117
520	12618	255
532	12873	188
538	13061	55
546	13116	203
552	13319	127
559	13446	226
569	13672	237
582	13909	256
592	14165	160
597	14325	120
602	14445	146
612	14591	144
622	14735	282
636	15017	247
650	15264	247
664	15511	247
679	15758	287
690	16045	128
698	16173	219
711	16392	223
728	16615	320
742	16935	257
752	17192	78
761	17270	241
769	17511	129
782	17640	238
787	17878	118
794	17996	167
809	18163	303
832	18466	373
848	18839	329
866	19168	392
885	19560	295
900	19855	227
911	20082	155
921	20237	275
935	20512	245
947	20757	176
964	20933	454
983	21387	91
994	21478	224
1006	21702	216
1017	21918	120
1025	22038	169
1033	22207	91
1044	22298	321
1059	22619	225
1067	22844	73
1074	22917	225
1083	23142	164
1091	23306	290
1105	23596	164
1114	23760	225
1128	23985	141
1136	24126	122
1142	24248	151
1149	24399	156
1158	24555	112
1165	24667	175
1175	24842	225
1185	25067	79
1196	25146	243
1208	25389	93
1222	25482	317
1233	25799	85
1241	25884	128
1250	26012	206
1261	26218	250
1272	26468	110
1280	26578	81
1286	26659	97
1291	26756	99
1300	26855	71
1308	26926	109
1319	27035	351
1339	27386	351
1348	27737	60
1357	27797	245
1365	28042	78
1371	28120	104
1380	28224	199
1389	28423	89
1397	28512	153
1405	28665	269
1415	28934	188
1430	29122	404
1446	29526	164
1453	29690	99
1460	29789	270
1477	30059	295
1488	30354	158
1490	30512	79
1498	30591	79
1501	30670	141
1506	30811	141
1512	30952	79
1520	31031	354
1531	31385	59
1536	31444	59
1547	31503	352
1559	31855	163
1570	32018	293
1581	32311	76
1588	32387	159
1597	32546	240
1614	32786	334
1632	33120	391
1648	33511	143
1651	33654	92
1666	33746	388
1679	34134	202
1688	34336	119
1696	34455	392
1713	34847	228
1721	35075	89
1728	35164	204
1743	35368	250
1756	35618	219
1766	35837	108
1777	35945	294
1790	36239	285
1807	36524	224
1819	36748	283
1836	37031	326
1844	37357	97
1854	37454	256
1873	37710	391
1883	38101	228
1898	38329	379
1914	38708	210
1925	38918	136
1934	39054	120
1940	39174	121
1948	39295	184
1957	39479	168
1967	39647	159
1977	39806	252
1989	40058	210
1994	40268	102
2004	40370	233
2013	40603	301
2024	40904	180
2030	41084	189
2040	41273	200
2052	41473	227
2063	41700	97
2075	41797	418
2087	42215	73
2092	42288	148
2097	42436	84
2105	42520	228
2114	42748	166
2122	42914	159
2132	43073	352
2142	43425	148
2150	43573	207
2155	43780	130
2166	43910	400
2184	44310	262
2194	44572	209
2202	44781	244
2211	45025	345
2218	45370	121
2226	45491	131
2231	45622	323
2241	45945	272
2249	46217	312
2253	46529	123
2257	46652	226
