1	0	974
3	974	656
6	1630	368
12	1998	1226
27	3224	2186
33	5410	1034
36	6444	1046
45	7490	1916
53	9406	1448
60	10854	920
70	11774	1580
76	13354	698
80	14052	1004
84	15056	734
93	15790	1856
102	17646	908
110	18554	1694
116	20248	716
121	20964	812
128	21776	1406
136	23182	1406
143	24588	1046
148	25634	884
153	26518	620
155	27138	356
157	27494	584
162	28078	1430
172	29508	2324
183	31832	1388
190	33220	1712
199	34932	1700
204	36632	500
210	37132	1328
219	38460	1034
224	39494	398
233	39892	1946
239	41838	644
242	42482	440
246	42922	1016
250	43938	836
255	44774	1004
260	45778	626
265	46404	1022
272	47426	968
278	48394	1382
289	49776	2210
296	51986	1562
313	53548	662
323	54210	890
337	55100	914
346	56014	1004
351	57018	362
357	57380	1514
365	58894	632
373	59526	614
380	60140	1400
389	61540	782
393	62322	332
400	62654	878
408	63532	362
414	63894	362
419	64256	482
428	64738	1430
438	66168	524
444	66692	752
450	67444	746
457	68190	986
465	69176	980
473	70156	1070
484	71226	1400
496	72626	860
506	73486	1304
515	74790	1316
527	76106	1316
539	77422	1394
551	78816	1340
558	80156	1028
571	81184	1964
581	83148	734
591	83882	1850
608	85732	1868
620	87600	782
632	88382	1688
646	90070	1502
657	91572	596
670	92168	2102
683	94270	926
699	95196	2336
723	97532	2402
745	99934	1406
762	101340	2168
775	103508	908
791	104416	2270
804	106686	434
810	107120	368
816	107488	518
825	108006	1430
839	109436	1112
844	110548	938
852	111486	800
863	112286	2192
875	114478	668
882	115146	998
897	116144	2348
913	118492	902
920	119394	860
927	120254	626
933	120880	1016
943	121896	1124
954	123020	1322
966	124342	668
972	125010	806
981	125816	788
987	126604	578
992	127182	554
997	127736	560
1008	128296	806
1013	129102	602
1020	129704	602
1030	130306	1202
1042	131508	830
1046	132338	698
1053	133036	434
1062	133470	1532
1069	135002	194
1071	135196	752
1079	135948	1130
1087	137078	1118
1094	138196	704
1106	138900	1880
1124	140780	1616
1138	142396	1544
1155	143940	1736
1171	145676	1880
1183	147556	1034
1194	148590	1130
1203	149720	860
1217	150580	1646
1232	152226	1094
1249	153320	1856
1259	155176	362
1274	155538	2336
1294	157874	782
1302	158656	806
1309	159462	854
1322	160316	1658
1336	161974	2336
1358	164310	2138
1373	166448	878
1386	167326	1172
1391	168498	836
1402	169334	1238
1412	170572	1466
1419	172038	950
1435	172988	2696
1455	175684	1184
1469	176868	2120
1485	178988	1838
1495	180826	518
1511	181344	2882
1524	184226	548
1530	184774	908
1538	185682	908
1544	186590	908
1553	187498	1022
1557	188520	542
1567	189062	878
1575	189940	1400
1587	191340	1046
1596	192386	1052
1606	193438	1412
1620	194850	1814
1631	196664	1046
1641	197710	1946
1656	199656	1376
1670	201032	1508
1676	202540	506
1684	203046	1712
1695	204758	1664
1704	206422	1118
1710	207540	590
1718	208130	914
1724	209044	740
1729	209784	596
1736	210380	596
1740	210976	344
1764	211320	3614
1794	214934	1364
1809	216298	1994
1820	218292	1046
1831	219338	1076
1839	220414	1016
1845	221430	938
1858	222368	1460
1867	223828	1004
1875	224832	1238
1886	226070	1958
1897	228028	752
1905	228780	1160
1915	229940	1580
1924	231520	602
1931	232122	794
1938	232916	836
1946	233752	944
1955	234696	626
1959	235322	776
1965	236098	776
1971	236874	1040
1986	237914	1646
1999	239560	1652
2007	241212	890
2012	242102	734
2018	242836	1052
2026	243888	998
2039	244886	1946
2051	246832	1082
2061	247914	1040
2071	248954	1040
2079	249994	1430
2091	251424	1844
2108	253268	1832
2116	255100	434
2123	255534	428
2125	255962	428
2130	256390	482
2136	256872	638
2146	257510	2438
2161	259948	1784
2173	261732	1430
2185	263162	1934
2195	265096	590
2199	265686	1370
