9	0	8
14	8	8
20	16	8
29	24	8
38	32	8
41	40	8
44	48	8
47	56	8
54	64	8
58	72	8
63	80	8
69	88	8
72	96	8
81	104	8
91	112	8
96	120	8
100	128	8
109	136	8
117	144	8
122	152	8
127	160	8
132	168	8
139	176	8
145	184	8
149	192	8
160	200	8
167	208	8
173	216	8
176	224	8
184	232	8
189	240	8
191	248	8
194	256	8
201	264	8
209	272	8
214	280	8
221	288	8
230	296	8
241	304	8
249	312	8
259	320	8
266	328	8
275	336	8
283	344	8
290	352	8
303	360	8
318	368	8
327	376	8
333	384	8
343	392	8
358	400	8
374	408	8
390	416	8
409	424	8
421	432	8
429	440	8
432	448	8
437	456	8
447	464	8
458	472	8
467	480	8
480	488	8
485	496	8
492	504	8
501	512	8
512	520	8
524	528	8
543	536	8
564	544	8
580	552	8
587	560	8
595	568	8
607	576	8
615	584	8
627	592	8
641	600	8
659	608	8
677	616	8
696	624	8
705	632	8
709	640	8
716	648	8
720	656	8
731	664	8
734	672	8
748	680	8
768	688	8
777	696	8
786	704	8
798	712	8
806	720	8
817	728	8
827	736	8
836	744	8
845	752	8
858	760	8
862	768	8
870	776	8
880	784	8
887	792	8
898	800	8
907	808	8
916	816	8
925	824	8
934	832	8
951	840	8
963	848	8
978	856	8
993	864	8
1004	872	8
1021	880	8
1038	888	8
1051	896	8
1077	904	8
1103	912	8
1118	920	8
1135	928	8
1152	936	8
1172	944	8
1189	952	8
1205	960	8
1221	968	8
1238	976	8
1248	984	8
1266	992	8
1278	1000	8
1289	1008	8
1295	1016	8
1303	1024	8
1315	1032	8
1326	1040	8
1337	1048	8
1343	1056	8
1353	1064	8
1361	1072	8
1368	1080	8
1376	1088	8
1394	1096	8
1407	1104	8
1416	1112	8
1429	1120	8
1439	1128	8
1450	1136	8
1464	1144	8
1482	1152	8
1492	1160	8
1504	1168	8
1517	1176	8
1527	1184	8
1539	1192	8
1549	1200	8
1552	1208	8
1558	1216	8
1574	1224	8
1595	1232	8
1616	1240	8
1628	1248	8
1635	1256	8
1639	1264	8
1645	1272	8
1654	1280	8
1665	1288	8
1672	1296	8
1685	1304	8
1700	1312	8
1714	1320	8
1730	1328	8
1739	1336	8
1745	1344	8
1750	1352	8
1758	1360	8
1762	1368	8
1771	1376	8
1775	1384	8
1781	1392	8
1787	1400	8
1797	1408	8
1808	1416	8
1814	1424	8
1827	1432	8
1847	1440	8
1857	1448	8
1863	1456	8
1870	1464	8
1879	1472	8
1882	1480	8
1888	1488	8
1894	1496	8
1900	1504	8
1911	1512	8
1922	1520	8
1936	1528	8
1949	1536	8
1963	1544	8
1969	1552	8
1976	1560	8
1980	1568	8
1982	1576	8
1988	1584	8
1992	1592	8
2000	1600	8
2008	1608	8
2017	1616	8
2028	1624	8
2038	1632	8
2047	1640	8
2058	1648	8
2068	1656	8
2080	1664	8
2089	1672	8
2102	1680	8
2112	1688	8
2121	1696	8
2128	1704	8
2137	1712	8
2144	1720	8
2154	1728	8
2164	1736	8
2171	1744	8
2178	1752	8
2182	1760	8
2188	1768	8
2192	1776	8
2197	1784	8
2205	1792	8
2209	1800	8
2215	1808	8
2217	1816	8
2220	1824	8
2225	1832	8
2230	1840	8
2237	1848	8
2246	1856	8
