4	0	8
10	8	8
18	16	8
24	24	8
30	32	8
34	40	8
42	48	8
52	56	8
64	64	8
78	72	8
85	80	8
90	88	8
92	96	8
97	104	8
105	112	8
114	120	8
120	128	8
126	136	8
131	144	8
137	152	8
142	160	8
151	168	8
159	176	8
164	184	8
169	192	8
186	200	8
202	208	8
207	216	8
215	224	8
225	232	8
237	240	8
245	248	8
247	256	8
254	264	8
257	272	8
268	280	8
277	288	8
285	296	8
292	304	8
297	312	8
302	320	8
307	328	8
316	336	8
321	344	8
339	352	8
352	360	8
361	368	8
371	376	8
378	384	8
386	392	8
395	400	8
403	408	8
411	416	8
427	424	8
448	432	8
464	440	8
475	448	8
483	456	8
487	464	8
494	472	8
502	480	8
510	488	8
514	496	8
523	504	8
530	512	8
536	520	8
541	528	8
549	536	8
561	544	8
574	552	8
586	560	8
600	568	8
609	576	8
617	584	8
630	592	8
640	600	8
647	608	8
653	616	8
661	624	8
669	632	8
675	640	8
686	648	8
695	656	8
704	664	8
714	672	8
718	680	8
726	688	8
735	696	8
743	704	8
754	712	8
765	720	8
774	728	8
785	736	8
797	744	8
811	752	8
826	760	8
837	768	8
846	776	8
854	784	8
865	792	8
879	800	8
889	808	8
901	816	8
918	824	8
940	832	8
958	840	8
970	848	8
982	856	8
999	864	8
1018	872	8
1024	880	8
1036	888	8
1048	896	8
1054	904	8
1058	912	8
1063	920	8
1073	928	8
1082	936	8
1093	944	8
1102	952	8
1110	960	8
1122	968	8
1132	976	8
1143	984	8
1151	992	8
1163	1000	8
1179	1008	8
1193	1016	8
1206	1024	8
1220	1032	8
1240	1040	8
1255	1048	8
1268	1056	8
1287	1064	8
1304	1072	8
1318	1080	8
1329	1088	8
1335	1096	8
1341	1104	8
1349	1112	8
1354	1120	8
1366	1128	8
1381	1136	8
1387	1144	8
1396	1152	8
1401	1160	8
1411	1168	8
1424	1176	8
1440	1184	8
1452	1192	8
1461	1200	8
1470	1208	8
1476	1216	8
1483	1224	8
1496	1232	8
1503	1240	8
1513	1248	8
1521	1256	8
1532	1264	8
1546	1272	8
1555	1280	8
1566	1288	8
1572	1296	8
1578	1304	8
1583	1312	8
1592	1320	8
1603	1328	8
1610	1336	8
1623	1344	8
1634	1352	8
1642	1360	8
1652	1368	8
1658	1376	8
1664	1384	8
1674	1392	8
1683	1400	8
1691	1408	8
1701	1416	8
1706	1424	8
1712	1432	8
1722	1440	8
1737	1448	8
1746	1456	8
1753	1464	8
1757	1472	8
1760	1480	8
1765	1488	8
1772	1496	8
1783	1504	8
1793	1512	8
1800	1520	8
1806	1528	8
1815	1536	8
1823	1544	8
1834	1552	8
1843	1560	8
1849	1568	8
1859	1576	8
1866	1584	8
1878	1592	8
1885	1600	8
1896	1608	8
1903	1616	8
1910	1624	8
1920	1632	8
1930	1640	8
1941	1648	8
1952	1656	8
1958	1664	8
1968	1672	8
1975	1680	8
1985	1688	8
1993	1696	8
2001	1704	8
2005	1712	8
2014	1720	8
2019	1728	8
2027	1736	8
2033	1744	8
2042	1752	8
2050	1760	8
2059	1768	8
2070	1776	8
2077	1784	8
2085	1792	8
2093	1800	8
2109	1808	8
2120	1816	8
2129	1824	8
2138	1832	8
2143	1840	8
2152	1848	8
