0	0	117
7	117	251
13	368	101
16	469	64
19	533	128
22	661	64
26	725	96
28	821	101
35	922	425
46	1347	122
49	1469	62
55	1531	258
67	1789	356
77	2145	78
82	2223	253
86	2476	110
89	2586	31
94	2617	169
103	2786	395
112	3181	77
123	3258	414
133	3672	179
146	3851	418
158	4269	257
166	4526	256
170	4782	122
177	4904	259
185	5163	259
192	5422	259
198	5681	183
205	5864	195
212	6059	192
220	6251	180
226	6431	193
231	6624	59
235	6683	140
240	6823	150
248	6973	403
267	7376	477
282	7853	122
286	7975	214
293	8189	211
298	8400	239
305	8639	214
315	8853	213
326	9066	214
336	9280	214
347	9494	211
355	9705	179
369	9884	272
383	10156	293
396	10449	146
404	10595	62
410	10657	77
417	10734	109
424	10843	167
440	11010	435
459	11445	182
469	11627	141
479	11768	252
491	12020	204
503	12224	215
531	12439	666
565	13105	365
579	13470	209
588	13679	205
598	13884	182
606	14066	149
613	14215	152
621	14367	149
626	14516	149
635	14665	149
643	14814	101
656	14915	274
665	15189	104
672	15293	145
687	15438	383
700	15821	92
708	15913	222
727	16135	390
751	16525	390
772	16915	371
788	17286	180
799	17466	196
805	17662	123
814	17785	121
823	17906	141
831	18047	183
841	18230	168
850	18398	298
861	18696	169
869	18865	183
877	19048	183
886	19231	178
895	19409	162
903	19571	132
910	19703	132
924	19835	363
939	20198	132
945	20330	174
955	20504	91
962	20595	182
973	20777	182
985	20959	206
996	21165	210
1009	21375	218
1019	21593	99
1027	21692	146
1039	21838	261
1055	22099	340
1075	22439	602
1099	23041	134
1111	23175	241
1131	23416	411
1145	23827	103
1150	23930	98
1162	24028	248
1176	24276	315
1187	24591	101
1195	24692	86
1199	24778	63
1204	24841	60
1212	24901	82
1216	24983	59
1224	25042	60
1227	25102	62
1239	25164	147
1252	25311	264
1269	25575	330
1283	25905	144
1296	26049	199
1307	26248	173
1317	26421	89
1325	26510	262
1332	26772	181
1342	26953	169
1350	27122	169
1359	27291	169
1369	27460	175
1378	27635	214
1395	27849	258
1408	28107	370
1421	28477	121
1423	28598	116
1428	28714	97
1434	28811	116
1441	28927	173
1456	29100	384
1468	29484	61
1471	29545	130
1478	29675	71
1481	29746	145
1489	29891	123
1493	30014	129
1505	30143	359
1516	30502	182
1525	30684	250
1537	30934	127
1541	31061	180
1551	31241	179
1562	31420	244
1569	31664	101
1579	31765	240
1590	32005	123
1601	32128	238
1607	32366	101
1615	32467	122
1624	32589	246
1633	32835	218
1640	33053	227
1653	33280	276
1663	33556	151
1669	33707	31
1675	33738	243
1681	33981	119
1689	34100	235
1698	34335	294
1708	34629	130
1716	34759	169
1725	34928	169
1734	35097	169
1744	35266	172
1754	35438	166
1763	35604	169
1774	35773	236
1785	36009	105
1788	36114	115
1796	36229	123
1803	36352	197
1817	36549	293
1825	36842	115
1829	36957	31
1835	36988	122
1848	37110	365
1860	37475	112
1874	37587	391
1890	37978	391
1908	38369	391
1932	38760	391
1950	39151	119
1964	39270	351
1978	39621	174
1990	39795	337
2003	40132	118
2015	40250	440
2029	40690	171
2032	40861	88
2043	40949	242
2054	41191	196
2060	41387	58
2066	41445	106
2072	41551	63
2082	41614	380
2100	41994	390
2124	42384	389
2135	42773	163
2141	42936	160
2151	43096	265
2157	43361	152
2163	43513	90
2170	43603	304
2181	43907	98
2186	44005	120
2193	44125	193
2198	44318	151
2206	44469	249
2212	44718	129
2219	44847	342
2227	45189	168
2235	45357	274
2242	45631	134
2247	45765	118
