2	0	8
8	8	8
11	16	8
15	24	8
25	32	8
32	40	8
37	48	8
43	56	8
51	64	8
57	72	8
59	80	8
66	88	8
71	96	8
75	104	8
79	112	8
88	120	8
99	128	8
106	136	8
111	144	8
119	152	8
129	160	8
138	168	8
140	176	8
147	184	8
154	192	8
163	200	8
171	208	8
178	216	8
182	224	8
197	232	8
211	240	8
216	248	8
223	256	8
229	264	8
234	272	8
244	280	8
253	288	8
262	296	8
270	304	8
273	312	8
276	320	8
280	328	8
284	336	8
287	344	8
291	352	8
294	360	8
300	368	8
311	376	8
332	384	8
359	392	8
367	400	8
381	408	8
399	416	8
407	424	8
418	432	8
431	440	8
439	448	8
453	456	8
468	464	8
482	472	8
493	480	8
505	488	8
511	496	8
520	504	8
532	512	8
538	520	8
546	528	8
552	536	8
559	544	8
569	552	8
582	560	8
592	568	8
597	576	8
602	584	8
612	592	8
622	600	8
636	608	8
650	616	8
664	624	8
679	632	8
690	640	8
698	648	8
711	656	8
728	664	8
742	672	8
752	680	8
761	688	8
769	696	8
782	704	8
787	712	8
794	720	8
809	728	8
832	736	8
848	744	8
866	752	8
885	760	8
900	768	8
911	776	8
921	784	8
935	792	8
947	800	8
964	808	8
983	816	8
994	824	8
1006	832	8
1017	840	8
1025	848	8
1033	856	8
1044	864	8
1059	872	8
1067	880	8
1074	888	8
1083	896	8
1091	904	8
1105	912	8
1114	920	8
1128	928	8
1136	936	8
1142	944	8
1149	952	8
1158	960	8
1165	968	8
1175	976	8
1185	984	8
1196	992	8
1208	1000	8
1222	1008	8
1233	1016	8
1241	1024	8
1250	1032	8
1261	1040	8
1272	1048	8
1280	1056	8
1286	1064	8
1291	1072	8
1300	1080	8
1308	1088	8
1319	1096	8
1339	1104	8
1348	1112	8
1357	1120	8
1365	1128	8
1371	1136	8
1380	1144	8
1389	1152	8
1397	1160	8
1405	1168	8
1415	1176	8
1430	1184	8
1446	1192	8
1453	1200	8
1460	1208	8
1477	1216	8
1488	1224	8
1490	1232	8
1498	1240	8
1501	1248	8
1506	1256	8
1512	1264	8
1520	1272	8
1531	1280	8
1536	1288	8
1547	1296	8
1559	1304	8
1570	1312	8
1581	1320	8
1588	1328	8
1597	1336	8
1614	1344	8
1632	1352	8
1648	1360	8
1651	1368	8
1666	1376	8
1679	1384	8
1688	1392	8
1696	1400	8
1713	1408	8
1721	1416	8
1728	1424	8
1743	1432	8
1756	1440	8
1766	1448	8
1777	1456	8
1790	1464	8
1807	1472	8
1819	1480	8
1836	1488	8
1844	1496	8
1854	1504	8
1873	1512	8
1883	1520	8
1898	1528	8
1914	1536	8
1925	1544	8
1934	1552	8
1940	1560	8
1948	1568	8
1957	1576	8
1967	1584	8
1977	1592	8
1989	1600	8
1994	1608	8
2004	1616	8
2013	1624	8
2024	1632	8
2030	1640	8
2040	1648	8
2052	1656	8
2063	1664	8
2075	1672	8
2087	1680	8
2092	1688	8
2097	1696	8
2105	1704	8
2114	1712	8
2122	1720	8
2132	1728	8
2142	1736	8
2150	1744	8
2155	1752	8
2166	1760	8
2184	1768	8
2194	1776	8
2202	1784	8
2211	1792	8
2218	1800	8
2226	1808	8
2231	1816	8
2241	1824	8
2249	1832	8
2253	1840	8
2257	1848	8
