9	0	254
14	254	69
20	323	227
29	550	355
38	905	155
41	1060	88
44	1148	131
47	1279	170
54	1449	77
58	1526	161
63	1687	85
69	1772	103
72	1875	158
81	2033	294
91	2327	248
96	2575	172
100	2747	74
109	2821	362
117	3183	99
122	3282	130
127	3412	161
132	3573	124
139	3697	268
145	3965	101
149	4066	241
160	4307	273
167	4580	239
173	4819	135
176	4954	101
184	5055	326
189	5381	120
191	5501	32
194	5533	120
201	5653	239
209	5892	197
214	6089	123
221	6212	150
230	6362	383
241	6745	260
249	7005	259
259	7264	131
266	7395	240
275	7635	193
283	7828	192
290	8020	313
303	8333	360
318	8693	180
327	8873	161
333	9034	136
343	9170	269
358	9439	285
374	9724	282
390	10006	273
409	10279	273
421	10552	183
429	10735	90
432	10825	75
437	10900	151
447	11051	208
458	11259	194
467	11453	214
480	11667	241
485	11908	101
492	12009	61
501	12070	255
512	12325	160
524	12485	269
543	12754	436
564	13190	376
580	13566	268
587	13834	125
595	13959	224
607	14183	187
615	14370	236
627	14606	175
641	14781	304
659	15085	304
677	15389	315
696	15704	314
705	16018	61
709	16079	63
716	16142	132
720	16274	129
731	16403	130
734	16533	61
748	16594	448
768	17042	176
777	17218	180
786	17398	211
798	17609	204
806	17813	142
817	17955	156
827	18111	204
836	18315	136
845	18451	316
858	18767	168
862	18935	59
870	18994	272
880	19266	130
887	19396	145
898	19541	233
907	19774	182
916	19956	142
925	20098	170
934	20268	221
951	20489	318
963	20807	175
978	20982	314
993	21296	161
1004	21457	191
1021	21648	359
1038	22007	163
1051	22170	363
1077	22533	603
1103	23136	165
1118	23301	328
1135	23629	258
1152	23887	349
1172	24236	324
1189	24560	323
1205	24883	164
1221	25047	359
1238	25406	158
1248	25564	180
1266	25744	259
1278	26003	149
1289	26152	121
1295	26273	108
1303	26381	174
1315	26555	201
1326	26756	295
1337	27051	185
1343	27236	108
1353	27344	260
1361	27604	78
1368	27682	69
1376	27751	219
1394	27970	331
1407	28301	97
1416	28398	362
1429	28760	160
1439	28920	236
1450	29156	234
1464	29390	362
1482	29752	304
1492	30056	108
1504	30164	365
1517	30529	281
1527	30810	108
1539	30918	289
1549	31207	101
1552	31308	101
1558	31409	174
1574	31583	329
1595	31912	351
1616	32263	351
1628	32614	159
1635	32773	140
1639	32913	140
1645	33053	140
1654	33193	240
1665	33433	236
1672	33669	114
1685	33783	458
1700	34241	179
1714	34420	404
1730	34824	178
1739	35002	108
1745	35110	108
1750	35218	108
1758	35326	108
1762	35434	108
1771	35542	140
1775	35682	131
1781	35813	107
1787	35920	179
1797	36099	159
1808	36258	190
1814	36448	140
1827	36588	417
1847	37005	258
1857	37263	136
1863	37399	81
1870	37480	242
1879	37722	105
1882	37827	135
1888	37962	222
1894	38184	64
1900	38248	241
1911	38489	178
1922	38667	232
1936	38899	232
1949	39131	244
1963	39375	224
1969	39599	80
1976	39679	158
1980	39837	18
1982	39855	75
1988	39930	175
1992	40105	108
2000	40213	221
2008	40434	221
2017	40655	182
2028	40837	313
2038	41150	58
2047	41208	240
2058	41448	166
2068	41614	244
2080	41858	235
2089	42093	246
2102	42339	245
2112	42584	228
2121	42812	108
2128	42920	253
2137	43173	143
2144	43316	229
2154	43545	235
2164	43780	178
2171	43958	243
2178	44201	93
2182	44294	88
2188	44382	136
2192	44518	108
2197	44626	216
2205	44842	59
2209	44901	263
2215	45164	58
2217	45222	120
2220	45342	61
2225	45403	179
2230	45582	142
2237	45724	259
2246	45983	309
