304	0	244
324	244	360
345	604	361
364	965	385
384	1350	309
405	1659	323
426	1982	306
441	2288	333
455	2621	161
472	2782	423
490	3205	198
499	3403	92
508	3495	165
513	3660	105
519	3765	130
526	3895	160
537	4055	285
553	4340	306
563	4646	140
573	4786	304
583	5090	206
593	5296	223
610	5519	364
633	5883	369
654	6252	389
671	6641	168
685	6809	390
707	7199	387
724	7586	164
740	7750	383
756	8133	171
764	8304	76
770	8380	162
780	8542	167
792	8709	361
807	9070	146
820	9216	198
838	9414	399
855	9813	336
872	10149	336
894	10485	401
909	10886	163
915	11049	89
930	11138	339
949	11477	329
961	11806	93
975	11899	314
995	12213	314
1014	12527	314
1034	12841	314
1052	13155	314
1068	13469	314
1085	13783	314
1098	14097	314
1119	14411	314
1137	14725	314
1148	15039	144
1161	15183	179
1168	15362	181
1174	15543	119
1188	15662	392
1207	16054	134
1214	16188	177
1226	16365	104
1231	16469	116
1243	16585	319
1260	16904	205
1267	17109	64
1275	17173	165
1284	17338	156
1293	17494	114
1301	17608	150
1312	17758	223
1324	17981	204
1334	18185	320
1346	18505	143
1355	18648	187
1364	18835	197
1374	19032	90
1377	19122	94
1383	19216	94
1392	19310	144
1403	19454	145
1410	19599	153
1417	19752	228
1425	19980	111
1436	20091	277
1447	20368	124
1463	20492	473
1480	20965	63
1487	21028	180
1494	21208	159
1502	21367	143
1507	21510	144
1515	21654	169
1526	21823	392
1540	22215	59
1545	22274	169
1554	22443	191
1561	22634	123
1568	22757	114
1580	22871	375
1599	23246	218
1609	23464	223
1618	23687	101
1621	23788	84
1627	23872	133
1637	24005	390
1649	24395	115
1657	24510	183
1668	24693	220
1682	24913	423
1693	25336	78
1699	25414	227
1709	25641	274
1719	25915	132
1727	26047	170
1738	26217	157
1752	26374	288
1767	26662	231
1780	26893	306
1791	27199	137
1799	27336	101
1805	27437	169
1816	27606	278
1826	27884	128
1832	28012	63
1837	28075	175
1842	28250	87
1856	28337	173
1864	28510	187
1872	28697	60
1891	28757	625
1916	29382	90
1923	29472	151
1927	29623	105
1939	29728	254
1953	29982	186
1962	30168	140
1974	30308	390
1996	30698	417
2010	31115	171
2022	31286	381
2034	31667	152
2044	31819	168
2055	31987	258
2065	32245	63
2067	32308	78
2081	32386	390
2094	32776	170
2099	32946	53
2103	32999	168
2110	33167	130
2119	33297	252
2133	33549	390
2145	33939	168
2153	34107	130
2162	34237	390
2174	34627	168
2187	34795	389
2203	35184	281
2210	35465	282
2221	35747	292
2279	36039	139
2281	36178	136
2284	36314	214
2287	36528	214
2290	36742	226
2293	36968	228
2295	37196	241
2299	37437	395
2303	37832	239
2305	38071	208
2307	38279	187
2309	38466	253
2311	38719	137
2313	38856	183
2315	39039	187
2316	39226	216
2318	39442	234
2320	39676	137
2323	39813	182
2325	39995	187
2327	40182	234
2329	40416	239
2331	40655	216
2334	40871	210
2336	41081	172
2337	41253	241
2339	41494	239
2341	41733	197
2343	41930	376
2345	42306	268
2347	42574	236
2348	42810	191
2350	43001	174
2351	43175	201
2353	43376	236
2355	43612	234
2357	43846	236
2359	44082	242
2361	44324	241
2364	44565	253
2365	44818	143
2367	44961	235
2369	45196	243
2371	45439	136
2373	45575	216
2374	45791	238
2375	46029	244
2376	46273	225
