2	0	1148
8	1148	644
11	1792	836
15	2628	356
25	2984	1886
32	4870	1370
37	6240	1388
43	7628	1442
51	9070	1394
57	10464	362
59	10826	1094
66	11920	722
71	12642	812
75	13454	716
79	14170	602
88	14772	2120
99	16892	1286
106	18178	1298
111	19476	1256
119	20732	938
129	21670	1904
138	23574	1034
140	24608	242
147	24850	1430
154	26280	1196
163	27476	2276
171	29752	1010
178	30762	914
182	31676	1490
197	33166	3230
211	36396	734
216	37130	746
223	37876	1124
229	39000	500
234	39500	1490
244	40990	1598
253	42588	1628
262	44216	1490
270	45706	482
273	46188	506
276	46694	692
280	47386	722
284	48108	728
287	48836	686
291	49522	692
294	50214	1016
300	51230	2174
311	53404	722
332	54126	3842
359	57968	926
367	58894	962
381	59856	2192
399	62048	1028
407	63076	644
418	63720	1550
431	65270	1064
439	66334	1112
453	67446	1814
468	69260	1904
482	71164	1148
493	72312	1274
505	73586	1172
511	74758	698
520	75456	1526
532	76982	1124
538	78106	326
546	78432	1214
552	79646	758
559	80404	1352
569	81756	1418
582	83174	1532
592	84706	956
597	85662	716
602	86378	872
612	87250	860
622	88110	1688
636	89798	1478
650	91276	1478
664	92754	1478
679	94232	1718
690	95950	764
698	96714	1310
711	98024	1334
728	99358	1916
742	101274	1538
752	102812	464
761	103276	1442
769	104718	770
782	105488	1424
787	106912	704
794	107616	998
809	108614	1814
832	110428	2234
848	112662	1970
866	114632	2348
885	116980	1766
900	118746	1358
911	120104	926
921	121030	1646
935	122676	1466
947	124142	1052
964	125194	2720
983	127914	542
994	128456	1340
1006	129796	1292
1017	131088	716
1025	131804	1010
1033	132814	542
1044	133356	1922
1059	135278	1346
1067	136624	434
1074	137058	1346
1083	138404	980
1091	139384	1736
1105	141120	980
1114	142100	1346
1128	143446	842
1136	144288	728
1142	145016	902
1149	145918	932
1158	146850	668
1165	147518	1046
1175	148564	1346
1185	149910	470
1196	150380	1454
1208	151834	554
1222	152388	1898
1233	154286	506
1241	154792	764
1250	155556	1232
1261	156788	1496
1272	158284	656
1280	158940	482
1286	159422	578
1291	160000	590
1300	160590	422
1308	161012	650
1319	161662	2102
1339	163764	2102
1348	165866	356
1357	166222	1466
1365	167688	464
1371	168152	620
1380	168772	1190
1389	169962	530
1397	170492	914
1405	171406	1610
1415	173016	1124
1430	174140	2420
1446	176560	980
1453	177540	590
1460	178130	1616
1477	179746	1766
1488	181512	944
1490	182456	470
1498	182926	470
1501	183396	842
1506	184238	842
1512	185080	470
1520	185550	2120
1531	187670	350
1536	188020	350
1547	188370	2108
1559	190478	974
1570	191452	1754
1581	193206	452
1588	193658	950
1597	194608	1436
1614	196044	2000
1632	198044	2342
1648	200386	854
1651	201240	548
1666	201788	2324
1679	204112	1208
1688	205320	710
1696	206030	2348
1713	208378	1364
1721	209742	530
1728	210272	1220
1743	211492	1496
1756	212988	1310
1766	214298	644
1777	214942	1760
1790	216702	1706
1807	218408	1340
1819	219748	1694
1836	221442	1952
1844	223394	578
1854	223972	1532
1873	225504	2342
1883	227846	1364
1898	229210	2270
1914	231480	1256
1925	232736	812
1934	233548	716
1940	234264	722
1948	234986	1100
1957	236086	1004
1967	237090	950
1977	238040	1508
1989	239548	1256
1994	240804	608
2004	241412	1394
2013	242806	1802
2024	244608	1076
2030	245684	1130
2040	246814	1196
2052	248010	1358
2063	249368	578
2075	249946	2504
2087	252450	434
2092	252884	884
2097	253768	500
2105	254268	1364
2114	255632	992
2122	256624	950
2132	257574	2108
2142	259682	884
2150	260566	1238
2155	261804	776
2166	262580	2396
2184	264976	1568
2194	266544	1250
2202	267794	1460
2211	269254	2066
2218	271320	722
2226	272042	782
2231	272824	1934
2241	274758	1628
2249	276386	1868
2253	278254	734
2257	278988	1352
