299	0	8
309	8	8
319	16	8
329	24	8
340	32	8
348	40	8
356	48	8
368	56	8
379	64	8
388	72	8
401	80	8
413	88	8
425	96	8
434	104	8
442	112	8
451	120	8
460	128	8
470	136	8
478	144	8
486	152	8
498	160	8
509	168	8
522	176	8
533	184	8
545	192	8
555	200	8
566	208	8
577	216	8
590	224	8
605	232	8
619	240	8
628	248	8
639	256	8
651	264	8
662	272	8
681	280	8
692	288	8
702	296	8
713	304	8
729	312	8
738	320	8
750	328	8
758	336	8
767	344	8
781	352	8
789	360	8
803	368	8
829	376	8
847	384	8
859	392	8
871	400	8
881	408	8
892	416	8
896	424	8
905	432	8
919	440	8
929	448	8
936	456	8
944	464	8
953	472	8
965	480	8
979	488	8
989	496	8
1002	504	8
1011	512	8
1026	520	8
1037	528	8
1049	536	8
1060	544	8
1070	552	8
1081	560	8
1090	568	8
1104	576	8
1115	584	8
1129	592	8
1140	600	8
1153	608	8
1164	616	8
1178	624	8
1191	632	8
1202	640	8
1213	648	8
1225	656	8
1234	664	8
1245	672	8
1256	680	8
1270	688	8
1282	696	8
1299	704	8
1311	712	8
1320	720	8
