5	0	233
17	233	178
21	411	96
23	507	114
31	621	275
39	896	388
48	1284	144
56	1428	228
62	1656	148
68	1804	117
73	1921	267
83	2188	272
95	2460	297
101	2757	143
104	2900	88
108	2988	104
115	3092	296
125	3388	273
135	3661	262
144	3923	236
150	4159	149
156	4308	161
161	4469	235
168	4704	249
175	4953	164
179	5117	73
181	5190	157
187	5347	282
193	5629	101
196	5730	141
200	5871	61
203	5932	176
208	6108	79
213	6187	183
218	6370	120
228	6490	314
238	6804	346
251	7150	299
258	7449	143
263	7592	170
271	7762	168
279	7930	252
310	8182	623
341	8805	276
354	9081	318
366	9399	118
376	9517	237
385	9754	126
392	9880	143
397	10023	60
402	10083	87
412	10170	217
422	10387	128
435	10515	340
445	10855	26
449	10881	121
462	11002	363
476	11365	107
481	11472	126
489	11598	250
504	11848	216
518	12064	401
542	12465	374
556	12839	195
570	13034	404
589	13438	297
603	13735	321
618	14056	104
631	14160	331
648	14491	131
658	14622	148
667	14770	165
673	14935	109
682	15044	118
684	15162	108
691	15270	108
694	15378	90
701	15468	131
706	15599	98
715	15697	194
721	15891	121
732	16012	52
741	16064	396
763	16460	258
776	16718	223
783	16941	84
796	17025	355
813	17380	185
822	17565	58
828	17623	149
840	17772	228
853	18000	331
860	18331	119
864	18450	31
874	18481	320
884	18801	121
893	18922	171
904	19093	263
914	19356	143
926	19499	292
941	19791	278
952	20069	111
959	20180	171
969	20351	196
977	20547	63
988	20610	311
1003	20921	94
1015	21015	327
1031	21342	190
1041	21532	178
1050	21710	172
1057	21882	106
1066	21988	367
1086	22355	197
1095	22552	221
1107	22773	226
1120	22999	253
1130	23252	139
1141	23391	281
1154	23672	91
1159	23763	123
1167	23886	241
1177	24127	92
1184	24219	228
1198	24447	219
1211	24666	221
1223	24887	152
1235	25039	259
1251	25298	242
1258	25540	95
1265	25635	139
1273	25774	141
1277	25915	59
1281	25974	60
1297	26034	355
1313	26389	60
1321	26449	240
1331	26689	228
1347	26917	417
1367	27334	286
1384	27620	108
1393	27728	247
1406	27975	278
1420	28253	327
1445	28580	287
1457	28867	183
1467	29050	187
1474	29237	140
1486	29377	337
1500	29714	169
1509	29883	253
1519	30136	314
1529	30450	77
1534	30527	114
1543	30641	254
1556	30895	173
1564	31068	144
1571	31212	225
1586	31437	236
1593	31673	39
1602	31712	249
1612	31961	168
1626	32129	359
1643	32488	358
1661	32846	358
1678	33204	359
1694	33563	358
1707	33921	167
1715	34088	223
1731	34311	353
1747	34664	138
1759	34802	277
1773	35079	181
1782	35260	162
1792	35422	285
1810	35707	311
1828	36018	425
1853	36443	425
1876	36868	425
1887	37293	126
1895	37419	173
1902	37592	173
1909	37765	173
1917	37938	169
1929	38107	263
1944	38370	155
1947	38525	82
1961	38607	332
1972	38939	147
1984	39086	254
1998	39340	335
2009	39675	182
2016	39857	150
2025	40007	284
2037	40291	112
2045	40403	175
2053	40578	178
2062	40756	158
2069	40914	118
2074	41032	128
2078	41160	62
2084	41222	125
2090	41347	205
2098	41552	111
2104	41663	176
2111	41839	154
2117	41993	102
2126	42095	275
2139	42370	299
2149	42669	256
2156	42925	133
2160	43058	120
2165	43178	117
2169	43295	122
2175	43417	135
2183	43552	192
2190	43744	182
2200	43926	340
2207	44266	100
2214	44366	170
2222	44536	319
2229	44855	181
2233	45036	127
2236	45163	62
2240	45225	201
2245	45426	156
2251	45582	358
2255	45940	84
2258	46024	154
2261	46178	154
2263	46332	170
