struct1	struct2	Progres_score	CIRPIN_score
000134183	004942332	0.5989	0.9154
000134183	004947938	0.4158	0.9355
000134183	005045847	0.4234	0.9028
000135315	004942332	0.4856	0.9234
000135315	004947938	0.3200	0.9430
000135315	004992252	0.5548	0.9519
000135315	005045847	0.3207	0.9171
000135315	005074511	0.4515	0.9033
001146577	004942332	0.5330	0.9296
001146577	004947938	0.4006	0.9423
001146577	005045847	0.4052	0.9154
001146577	005074511	0.4976	0.9026
001288915	003887264	0.5736	0.9026
001731504	004942332	0.5618	0.9386
001731504	004947938	0.3908	0.9429
001731504	005045847	0.3994	0.9576
001731504	005074511	0.5246	0.9544
002142077	004942332	0.5948	0.9227
002142077	004947938	0.4240	0.9447
002142077	005045847	0.4298	0.9219
002142077	005074511	0.5713	0.9027
002483342	004942332	0.5478	0.9293
002483342	004947938	0.3815	0.9359
002483342	005045847	0.3931	0.9458
002483342	005074511	0.5207	0.9432
002722862	004947938	0.3593	0.9044
003172763	004942332	0.5396	0.9656
003172763	004947938	0.3703	0.9720
003172763	004992252	0.5982	0.9429
003172763	005045847	0.3786	0.9726
003172763	005074511	0.5026	0.9679
003203783	004942332	0.5015	0.9735
003203783	004947938	0.3451	0.9738
003203783	004992252	0.5524	0.9542
003203783	005045847	0.3525	0.9760
003203783	005074511	0.4782	0.9702
003254002	004942332	0.5083	0.9371
003254002	004947938	0.3660	0.9589
003254002	004992252	0.5752	0.9357
003254002	005045847	0.3756	0.9490
003254002	005074511	0.4914	0.9366
003258552	004942332	0.5516	0.9548
003258552	004947938	0.3770	0.9558
003258552	005045847	0.3873	0.9716
003258552	005074511	0.5119	0.9695
003319335	004017124	0.5917	0.9010
003386267	004942332	0.5914	0.9145
003386267	004947938	0.4429	0.9057
003386267	005045847	0.4573	0.9181
003386267	005074511	0.5244	0.9183
003400611	004947938	0.4355	0.9206
003484155	004947938	0.3701	0.9205
003484155	004992252	0.5661	0.9205
003488828	004947938	0.4838	0.9076
003594537	004942332	0.5373	0.9567
003594537	004947938	0.3401	0.9588
003594537	005045847	0.3510	0.9676
003594537	005074511	0.5021	0.9605
003640381	004942332	0.5687	0.9754
003640381	004947938	0.4125	0.9780
003640381	005045847	0.4210	0.9808
003640381	005074511	0.5428	0.9730
003651076	004947938	0.4900	0.9223
003704415	004947938	0.5199	0.9104
003717984	004942332	0.5402	0.9631
003717984	004947938	0.3770	0.9685
003717984	005045847	0.3813	0.9761
003717984	005074511	0.5107	0.9695
003731880	004942332	0.5435	0.9693
003731880	004947938	0.3820	0.9743
003731880	004992252	0.5912	0.9488
003731880	005045847	0.3919	0.9750
003731880	005074511	0.5247	0.9678
003744712	004942332	0.5228	0.9588
003744712	004947938	0.3544	0.9500
003744712	004992252	0.5597	0.9159
003744712	005045847	0.3676	0.9656
003744712	005074511	0.4932	0.9688
003780896	004942332	0.4110	0.9579
003780896	004947938	0.2924	0.9728
003780896	004992252	0.5669	0.9773
003780896	005045847	0.3013	0.9627
003780896	005074511	0.4101	0.9536
003783106	004947938	0.4455	0.9163
003783380	004942332	0.5337	0.9359
003783380	004947938	0.3556	0.9409
003783380	004992252	0.5941	0.9115
003783380	005045847	0.3612	0.9492
003783380	005074511	0.5025	0.9436
003786278	004942332	0.4975	0.9576
003786278	004947938	0.3343	0.9559
003786278	004992252	0.5600	0.9435
003786278	005045847	0.3468	0.9618
003786278	005074511	0.4729	0.9604
003787720	004947938	0.4703	0.9024
003787720	004992252	0.5905	0.9214
003814095	004942332	0.5424	0.9287
003814095	004947938	0.3657	0.9342
003814095	005045847	0.3754	0.9456
003814095	005074511	0.5044	0.9419
003817963	004947938	0.4858	0.9167
003887264	004942332	0.5852	0.9091
003887264	004947938	0.4512	0.9265
003957227	004942332	0.5371	0.9559
003957227	004947938	0.3601	0.9682
003957227	004992252	0.5964	0.9437
003957227	005045847	0.3659	0.9537
003957227	005074511	0.5100	0.9383
003960955	004942332	0.5246	0.9182
003960955	004947938	0.3507	0.9411
003960955	004992252	0.5712	0.9474
003960955	005045847	0.3538	0.9095
003979601	005045847	0.4918	0.9139
003979601	005074511	0.5379	0.9182
004022280	004942332	0.5786	0.9742
004022280	004947938	0.4081	0.9819
004022280	005045847	0.4174	0.9821
004022280	005074511	0.5435	0.9738
004027379	004942332	0.5329	0.9571
004027379	004947938	0.3683	0.9578
004027379	004992252	0.5693	0.9143
004027379	005045847	0.3746	0.9689
004027379	005074511	0.4939	0.9666
004064565	004942332	0.5586	0.9379
004064565	004947938	0.3896	0.9436
004064565	005045847	0.3999	0.9568
004064565	005074511	0.5235	0.9539
004069910	004942332	0.5458	0.9689
004069910	004947938	0.3792	0.9772
004069910	005045847	0.3878	0.9826
004069910	005074511	0.5066	0.9774
004073818	004942332	0.5484	0.9506
004073818	004947938	0.3789	0.9529
004073818	005045847	0.3877	0.9606
004073818	005074511	0.5124	0.9570
004104734	004942332	0.5429	0.9644
004104734	004947938	0.3749	0.9731
004104734	005045847	0.3844	0.9787
004104734	005074511	0.5074	0.9727
004118730	004942332	0.5609	0.9314
004118730	004947938	0.3918	0.9388
004118730	005045847	0.4014	0.9497
004118730	005074511	0.5278	0.9462
004133382	004942332	0.5511	0.9315
004133382	004947938	0.3842	0.9425
004133382	005045847	0.3935	0.9507
004133382	005074511	0.5183	0.9463
004149038	004942332	0.5389	0.9393
004149038	004947938	0.3610	0.9452
004149038	005045847	0.3714	0.9583
004149038	005074511	0.5004	0.9552
004154256	004942332	0.5308	0.9310
004154256	004947938	0.3636	0.9380
004154256	005045847	0.3718	0.9507
004154256	005074511	0.4942	0.9481
004161293	004942332	0.5701	0.9163
004161293	004947938	0.4075	0.9206
004161293	005045847	0.4145	0.9333
004161293	005074511	0.5326	0.9318
004208967	004942332	0.5560	0.9189
004208967	004947938	0.3845	0.9282
004208967	005045847	0.3937	0.9412
004208967	005074511	0.5204	0.9372
004223616	004942332	0.5640	0.9469
004223616	004947938	0.3942	0.9539
004223616	005045847	0.4030	0.9629
004223616	005074511	0.5239	0.9587
004229131	004942332	0.5566	0.9391
004229131	004947938	0.3869	0.9463
004229131	005045847	0.3956	0.9571
004229131	005074511	0.5176	0.9542
004250963	004942332	0.5448	0.9435
004250963	004947938	0.3795	0.9571
004250963	005045847	0.3908	0.9624
004250963	005074511	0.5168	0.9543
004254001	004942332	0.5406	0.9590
004254001	004947938	0.3681	0.9625
004254001	005045847	0.3769	0.9718
004254001	005074511	0.5022	0.9690
004280303	004942332	0.5666	0.9282
004280303	004947938	0.3969	0.9362
004280303	005045847	0.4069	0.9474
004280303	005074511	0.5343	0.9437
004281630	004942332	0.5308	0.9400
004281630	004947938	0.3589	0.9452
004281630	005045847	0.3715	0.9582
004281630	005074511	0.4988	0.9555
004289376	004942332	0.5332	0.9369
004289376	004947938	0.3631	0.9442
004289376	005045847	0.3727	0.9568
004289376	005074511	0.4981	0.9536
004306159	004942332	0.5473	0.9245
004306159	004947938	0.3812	0.9341
004306159	005045847	0.3887	0.9442
004306159	005074511	0.5142	0.9397
004315853	004942332	0.5637	0.9370
004315853	004947938	0.3834	0.9458
004315853	005045847	0.3934	0.9558
004315853	005074511	0.5242	0.9524
004361495	004942332	0.5421	0.9356
004361495	004947938	0.3747	0.9421
004361495	005045847	0.3837	0.9529
004361495	005074511	0.5084	0.9485
004381669	004942332	0.5385	0.9355
004381669	004947938	0.3713	0.9451
004381669	005045847	0.3798	0.9554
004381669	005074511	0.5041	0.9517
004408460	004947938	0.4557	0.9287
004408460	005045847	0.4581	0.9083
004432580	004942332	0.5489	0.9312
004432580	004947938	0.3734	0.9360
004432580	005045847	0.3827	0.9504
004432580	005074511	0.5133	0.9490
004439938	004947938	0.3262	0.9168
004439938	004992252	0.5122	0.9242
004455869	004942332	0.5377	0.9474
004455869	004947938	0.3647	0.9505
004455869	005045847	0.3730	0.9612
004455869	005074511	0.5001	0.9594
004461164	004942332	0.3652	0.9381
004461164	004947938	0.3125	0.9343
004461164	005045847	0.3175	0.9467
004461164	005074511	0.3631	0.9503
004504387	004942332	0.5375	0.9379
004504387	004947938	0.3680	0.9470
004504387	005045847	0.3778	0.9557
004504387	005074511	0.5033	0.9527
004526774	004942332	0.5841	0.9619
004526774	004947938	0.4269	0.9643
004526774	005045847	0.4399	0.9773
004526774	005074511	0.5666	0.9710
004535267	004942332	0.5423	0.9440
004535267	004947938	0.3699	0.9474
004535267	005045847	0.3787	0.9589
004535267	005074511	0.5006	0.9549
004540467	005045847	0.5129	0.9075
004540467	005074511	0.5690	0.9092
004542691	005045847	0.4944	0.9020
004542691	005074511	0.5596	0.9038
004583081	004947938	0.3692	0.9059
004583081	004992252	0.5428	0.9308
004657309	004942332	0.5767	0.9179
004657309	004947938	0.4210	0.9327
004657309	005045847	0.4236	0.9072
004927556	004942332	0.5890	0.9012
004927556	004947938	0.4188	0.9279
004928228	004947938	0.4278	0.9371
004928228	005045847	0.4343	0.9117
004928702	004942332	0.5988	0.9127
004928702	004947938	0.4369	0.9347
004928702	005045847	0.4416	0.9072
004929180	004947938	0.4419	0.9339
004929180	005045847	0.4494	0.9013
004930342	004942332	0.5806	0.9030
004930342	004947938	0.4212	0.9295
004930342	005045847	0.4275	0.9033
004931646	005045847	0.4677	0.9092
004931646	005074511	0.4997	0.9102
004931756	005074511	0.5360	0.9025
004933600	004942332	0.5971	0.9040
004933600	004947938	0.4268	0.9314
004933600	005045847	0.4304	0.9117
004934084	004942332	0.5791	0.9287
004934084	004947938	0.3954	0.9369
004934084	005045847	0.3990	0.9216
004934084	005074511	0.5412	0.9053
004934190	004947938	0.4625	0.9415
004934190	005045847	0.4713	0.9261
004934190	005074511	0.5976	0.9059
004934486	004947938	0.4236	0.9168
004934522	004942332	0.5619	0.9267
004934522	004947938	0.3844	0.9443
004934522	004992252	0.5890	0.9125
004934522	005045847	0.3873	0.9269
004934522	005074511	0.5269	0.9109
004934595	005045847	0.5131	0.9035
004934595	005074511	0.5568	0.9079
004935657	004947938	0.4529	0.9231
004937144	004942332	0.5897	0.9218
004937144	004947938	0.4235	0.9389
004937144	005045847	0.4289	0.9179
004941494	004947938	0.4029	0.9283
004941494	004992252	0.5960	0.9046
004942332	004942765	0.5995	0.9132
004942332	004944030	0.5885	0.9080
004942332	004944332	0.5788	0.9175
004942332	004945884	0.5656	0.9139
004942332	004946628	0.5902	0.9143
004942332	004947626	0.5961	0.9057
004942332	004951535	0.5931	0.9163
004942332	004955081	0.5950	0.9019
004942332	004956268	0.5782	0.9019
004942332	004959162	0.5625	0.9192
004942332	004963042	0.5836	0.9174
004942332	004965611	0.5954	0.9139
004942332	004970784	0.4893	0.9083
004942332	004970891	0.5828	0.9235
004942332	004977114	0.5789	0.9128
004942332	004981771	0.5275	0.9380
004942332	004982422	0.5807	0.9123
004942332	004982762	0.5764	0.9019
004942332	004983035	0.5905	0.9284
004942332	004985903	0.5991	0.9058
004942332	004989586	0.5824	0.9024
004942332	004992303	0.5778	0.9126
004942332	004995334	0.5604	0.9030
004942332	004998045	0.5501	0.9065
004942332	004998379	0.5960	0.9088
004942332	005002363	0.5895	0.9142
004942332	005006656	0.5596	0.9123
004942332	005006839	0.5561	0.9287
004942332	005011463	0.5760	0.9086
004942332	005014703	0.5466	0.9011
004942332	005015928	0.5165	0.9584
004942332	005016345	0.5803	0.9190
004942332	005016476	0.5571	0.9049
004942332	005022372	0.5913	0.9174
004942332	005022528	0.3489	0.9176
004942332	005028020	0.5480	0.9075
004942332	005028771	0.5832	0.9273
004942332	005029719	0.5696	0.9105
004942332	005031847	0.5825	0.9079
004942332	005036025	0.5440	0.9006
004942332	005036579	0.5707	0.9157
004942332	005037165	0.5978	0.9201
004942332	005037366	0.5983	0.9207
004942332	005037517	0.5766	0.9053
004942332	005037819	0.5971	0.9085
004942332	005040102	0.5928	0.9155
004942332	005041467	0.5489	0.9290
004942332	005043481	0.5199	0.9185
004942332	005047501	0.5644	0.9003
004942332	005049628	0.5852	0.9196
004942332	005050808	0.5897	0.9125
004942332	005053854	0.5670	0.9155
004942332	005054370	0.5896	0.9016
004942332	005056782	0.5966	0.9280
004942332	005061016	0.5450	0.9072
004942332	005064343	0.5950	0.9001
004942332	005066424	0.5931	0.9010
004942332	005067357	0.5773	0.9327
004942332	005068841	0.5861	0.9228
004942332	005069421	0.5898	0.9007
004942332	005070079	0.5616	0.9191
004942332	005070172	0.5085	0.9075
004942332	005071116	0.5633	0.9210
004942332	005072936	0.6000	0.9179
004942332	005074160	0.5930	0.9272
004942332	005076273	0.5886	0.9016
004942332	005077010	0.5906	0.9110
004942332	005078874	0.5975	0.9075
004942765	004947938	0.4165	0.9336
004942765	005045847	0.4209	0.9035
004944030	005045847	0.4804	0.9065
004944030	005074511	0.5336	0.9106
004944332	004947938	0.4092	0.9387
004944332	005045847	0.4131	0.9095
004945884	004947938	0.4121	0.9387
004945884	004992252	0.5914	0.9047
004945884	005045847	0.4139	0.9096
004946628	004947938	0.4154	0.9338
004946628	005045847	0.4191	0.9046
004947007	004947938	0.4618	0.9056
004947626	004947938	0.4068	0.9266
004947626	005045847	0.4146	0.9026
004947938	004950084	0.4958	0.9002
004947938	004951535	0.4343	0.9364
004947938	004955081	0.4263	0.9259
004947938	004956261	0.4308	0.9201
004947938	004956268	0.4096	0.9266
004947938	004959162	0.3993	0.9416
004947938	004963042	0.4074	0.9368
004947938	004965611	0.4305	0.9389
004947938	004970784	0.3871	0.9035
004947938	004970891	0.3935	0.9425
004947938	004975129	0.4713	0.9195
004947938	004976117	0.4581	0.9213
004947938	004977114	0.4258	0.9328
004947938	004977495	0.4203	0.9244
004947938	004980015	0.4680	0.9206
004947938	004980141	0.4570	0.9232
004947938	004981771	0.3815	0.9318
004947938	004982422	0.4061	0.9314
004947938	004982762	0.4121	0.9267
004947938	004983035	0.4177	0.9410
004947938	004985505	0.4553	0.9451
004947938	004988307	0.4146	0.9347
004947938	004990779	0.4407	0.9286
004947938	004992303	0.4558	0.9047
004947938	004993594	0.4775	0.9136
004947938	004993736	0.4509	0.9160
004947938	004994638	0.4456	0.9260
004947938	004995334	0.3763	0.9237
004947938	004998379	0.4145	0.9275
004947938	005000616	0.4222	0.9282
004947938	005002363	0.4070	0.9381
004947938	005006656	0.4551	0.9030
004947938	005006839	0.3936	0.9466
004947938	005010539	0.4333	0.9307
004947938	005011463	0.4373	0.9305
004947938	005015928	0.3717	0.9622
004947938	005016345	0.4160	0.9428
004947938	005022372	0.4579	0.9109
004947938	005022528	0.3051	0.9076
004947938	005023087	0.4151	0.9183
004947938	005027181	0.4775	0.9193
004947938	005028020	0.3957	0.9310
004947938	005028771	0.3985	0.9368
004947938	005029719	0.4064	0.9316
004947938	005030282	0.4139	0.9444
004947938	005031847	0.4096	0.9315
004947938	005036579	0.4032	0.9366
004947938	005037165	0.4264	0.9412
004947938	005037366	0.4397	0.9410
004947938	005037517	0.3974	0.9330
004947938	005037819	0.4231	0.9311
004947938	005040102	0.4233	0.9391
004947938	005041467	0.3736	0.9490
004947938	005042858	0.4600	0.9274
004947938	005043323	0.4325	0.9213
004947938	005043481	0.3773	0.9084
004947938	005045907	0.3979	0.9120
004947938	005046536	0.4117	0.9202
004947938	005047501	0.3880	0.9255
004947938	005048084	0.4706	0.9012
004947938	005049628	0.4000	0.9344
004947938	005049844	0.4133	0.9309
004947938	005050808	0.4237	0.9300
004947938	005053854	0.4217	0.9362
004947938	005054370	0.4175	0.9293
004947938	005056782	0.4213	0.9419
004947938	005058104	0.4953	0.9057
004947938	005061016	0.4003	0.9341
004947938	005066424	0.4213	0.9244
004947938	005067357	0.4021	0.9501
004947938	005068841	0.4094	0.9405
004947938	005069421	0.4231	0.9202
004947938	005070079	0.3955	0.9406
004947938	005071116	0.4008	0.9413
004947938	005072936	0.4213	0.9365
004947938	005074160	0.4135	0.9423
004947938	005075824	0.4259	0.9249
004947938	005076273	0.4050	0.9250
004947938	005077010	0.4115	0.9265
004947938	005078491	0.4598	0.9154
004950084	005045847	0.5101	0.9167
004950084	005074511	0.5377	0.9184
004951535	005045847	0.4386	0.9116
004955006	004981771	0.5061	0.9029
004955081	005045847	0.4318	0.9006
004959162	005045847	0.4058	0.9147
004963042	004992252	0.5998	0.9070
004963042	005045847	0.4121	0.9104
004965611	005045847	0.4346	0.9097
004967773	005045847	0.5067	0.9183
004967773	005074511	0.5640	0.9241
004970784	005045847	0.3973	0.9141
004970784	005074511	0.4411	0.9133
004970891	005045847	0.4002	0.9200
004970891	005074511	0.5486	0.9002
004977114	005045847	0.4297	0.9045
004977495	005045847	0.4274	0.9025
004981771	004992252	0.5949	0.9026
004981771	005045847	0.3913	0.9455
004981771	005074511	0.5049	0.9471
004982422	005045847	0.4119	0.9112
004983035	005045847	0.4212	0.9289
004983035	005074511	0.5612	0.9119
004984537	005045847	0.4950	0.9120
004984537	005074511	0.5657	0.9130
004985505	005045847	0.4544	0.9183
004985903	005045847	0.4957	0.9113
004985903	005074511	0.5476	0.9155
004988307	005045847	0.4204	0.9107
004988826	005045847	0.5342	0.9077
004988826	005074511	0.5700	0.9121
004989586	005045847	0.4569	0.9141
004989586	005074511	0.5237	0.9164
004990779	005045847	0.4459	0.9005
004992252	005002363	0.5990	0.9149
004992252	005015928	0.5531	0.9385
004992252	005037517	0.5977	0.9094
004992252	005041467	0.5923	0.9029
004992252	005053854	0.5977	0.9098
004992252	005056782	0.5955	0.9175
004992252	005070079	0.5911	0.9031
004992252	005071116	0.5857	0.9170
004992296	005045847	0.5295	0.9083
004992296	005074511	0.5896	0.9110
004992303	005045847	0.4722	0.9066
004992303	005074511	0.5189	0.9060
004993594	005045847	0.4870	0.9364
004993594	005074511	0.5589	0.9398
004994638	005045847	0.4527	0.9011
004998045	005045847	0.4591	0.9065
004998045	005074511	0.5036	0.9088
004998379	005045847	0.4206	0.9052
005000616	005045847	0.4276	0.9003
005002363	005045847	0.4118	0.9105
005006656	005045847	0.4697	0.9180
005006656	005074511	0.5066	0.9216
005006839	005045847	0.3985	0.9218
005006839	005074511	0.5301	0.9023
005010539	005045847	0.4406	0.9025
005014703	005045847	0.4429	0.9047
005014703	005074511	0.4949	0.9033
005015928	005045847	0.3807	0.9660
005015928	005074511	0.5006	0.9628
005016345	005045847	0.4208	0.9170
005016476	005045847	0.4357	0.9128
005016476	005074511	0.5152	0.9117
005022372	005045847	0.4727	0.9243
005022372	005074511	0.5375	0.9231
005022528	005045847	0.3139	0.9210
005022528	005074511	0.3342	0.9236
005028020	005045847	0.4002	0.9013
005028771	005045847	0.4020	0.9166
005029719	005045847	0.4101	0.9038
005030282	005045847	0.4204	0.9206
005031847	005045847	0.4165	0.9077
005036025	005045847	0.4504	0.9067
005036025	005074511	0.4916	0.9040
005036579	005045847	0.4087	0.9097
005037165	005045847	0.4339	0.9265
005037165	005074511	0.5662	0.9081
005037366	005045847	0.4448	0.9276
005037366	005074511	0.5675	0.9122
005037517	005045847	0.4056	0.9024
005037819	005045847	0.4285	0.9017
005040102	005045847	0.4281	0.9074
005041467	005045847	0.3803	0.9302
005041467	005074511	0.5255	0.9120
005043071	005045847	0.4116	0.9074
005043071	005074511	0.4607	0.9058
005043481	005045847	0.3905	0.9223
005043481	005074511	0.4670	0.9220
005045847	005048534	0.4144	0.9049
005045847	005049628	0.4072	0.9178
005045847	005049844	0.4197	0.9117
005045847	005050808	0.4286	0.9001
005045847	005053854	0.4236	0.9059
005045847	005054370	0.4215	0.9002
005045847	005056782	0.4279	0.9186
005045847	005058104	0.5075	0.9039
005045847	005061016	0.4062	0.9140
005045847	005064343	0.4794	0.9023
005045847	005066649	0.4702	0.9039
005045847	005067357	0.4069	0.9208
005045847	005068841	0.4131	0.9207
005045847	005070079	0.3983	0.9160
005045847	005070172	0.3867	0.9037
005045847	005071116	0.4026	0.9121
005045847	005072936	0.4264	0.9166
005045847	005074160	0.4175	0.9246
005045847	005075824	0.4329	0.9099
005045847	005076273	0.4111	0.9017
005045847	005077010	0.4172	0.9053
005045847	005078874	0.4750	0.9125
005045847	005080732	0.4991	0.9060
005048534	005074511	0.4435	0.9043
005056782	005074511	0.5735	0.9018
005064343	005074511	0.5296	0.9102
005067357	005074511	0.5488	0.9013
005068841	005074511	0.5516	0.9015
005070172	005074511	0.4987	0.9017
005071641	005074511	0.5335	0.9010
005074160	005074511	0.5645	0.9064
005074511	005078874	0.5339	0.9142
005074511	005080732	0.5622	0.9111
