struct1	struct2	Progres_score	CIRPIN_score
000006742	000077091	0.3034	0.9216
000006742	002408040	0.3009	0.9051
000006742	002652067	0.3732	0.9196
000006742	002833974	0.3158	0.9312
000006742	003602326	0.3281	0.9415
000006742	003956133	0.3481	0.9205
000006742	004007775	0.3542	0.9262
000006742	004048985	0.3127	0.9118
000006742	004133650	0.3125	0.9219
000006742	004207220	0.3172	0.9255
000006742	004254199	0.3379	0.9234
000006742	004281711	0.3645	0.9353
000006742	004441940	0.3692	0.9387
000006742	004480914	0.3085	0.9125
000006742	004518251	0.3006	0.9268
000006742	004641260	0.3312	0.9399
000006742	004647338	0.3437	0.9045
000006742	004662910	0.3531	0.9234
000006742	004831419	0.3709	0.9168
000006742	004927635	0.3397	0.9177
000006742	004928911	0.3178	0.9214
000006742	004930526	0.3313	0.9207
000006742	004934598	0.3188	0.9086
000006742	004944169	0.3062	0.9234
000006742	004944475	0.3129	0.9255
000006742	004945743	0.3082	0.9459
000006742	004946060	0.3658	0.9340
000006742	004946406	0.3406	0.9243
000006742	004946520	0.2934	0.9088
000006742	004947289	0.3159	0.9275
000006742	004948113	0.3146	0.9232
000006742	004953685	0.3073	0.9498
000006742	004957860	0.3475	0.9249
000006742	004960716	0.3396	0.9379
000006742	004974830	0.3280	0.9199
000006742	005006669	0.3835	0.9076
000006742	005014749	0.3174	0.9272
000006742	005015972	0.3124	0.9510
000006742	005020773	0.4069	0.9359
000006742	005023709	0.3400	0.9226
000006742	005027904	0.3529	0.9531
000006742	005046611	0.3153	0.9181
000006742	005048428	0.3124	0.9313
000006742	005054438	0.3844	0.9199
000006742	005068281	0.3472	0.9210
000006742	005082332	0.3303	0.9210
000077091	001725891	0.2522	0.9297
000077091	002104079	0.2595	0.9104
000077091	002652066	0.3256	0.9152
000077091	002987895	0.3131	0.9195
000077091	003604091	0.3197	0.9052
000077091	004042086	0.3914	0.9246
000077091	004344763	0.4939	0.9041
000077091	004624203	0.3847	0.9007
000077091	004932146	0.2749	0.9282
000077091	004944168	0.2483	0.9262
000077091	004944476	0.2286	0.9179
000077091	004955009	0.2287	0.9167
000077091	004961171	0.3091	0.9021
000077091	004992302	0.2863	0.9145
000077091	005006018	0.4550	0.9368
000077091	005013771	0.3146	0.9172
000077091	005027903	0.2325	0.9113
000077091	005031126	0.2228	0.9263
000077091	005067799	0.2322	0.9211
001286823	003835236	0.3758	0.9276
001286823	004052949	0.3834	0.9132
001286823	004515179	0.4698	0.9023
001286823	004518251	0.3118	0.9077
001286823	004647338	0.3576	0.9153
001286823	004662910	0.3364	0.9024
001286823	004991642	0.4625	0.9022
001725891	002408040	0.2540	0.9118
001725891	002652067	0.3305	0.9518
001725891	002833974	0.2674	0.9395
001725891	003388252	0.2984	0.9241
001725891	003436719	0.3287	0.9180
001725891	003602326	0.2995	0.9533
001725891	003604346	0.3881	0.9072
001725891	003835236	0.3208	0.9391
001725891	003956133	0.3083	0.9514
001725891	004007775	0.3347	0.9482
001725891	004048985	0.2819	0.9371
001725891	004052949	0.3212	0.9411
001725891	004074522	0.3433	0.9322
001725891	004133650	0.2687	0.9561
001725891	004207220	0.2693	0.9339
001725891	004254199	0.2927	0.9583
001725891	004281711	0.3347	0.9592
001725891	004411802	0.3680	0.9047
001725891	004441940	0.3203	0.9682
001725891	004480914	0.2748	0.9316
001725891	004515179	0.4098	0.9216
001725891	004518251	0.2792	0.9689
001725891	004641260	0.2881	0.9497
001725891	004647338	0.2865	0.9431
001725891	004662910	0.3164	0.9653
001725891	004831419	0.3265	0.9484
001725891	004885859	0.3118	0.9196
001725891	004927635	0.3046	0.9605
001725891	004928911	0.2688	0.9433
001725891	004930526	0.3004	0.9430
001725891	004934598	0.2728	0.9263
001725891	004944169	0.2695	0.9482
001725891	004944475	0.2743	0.9405
001725891	004945743	0.2657	0.9561
001725891	004946060	0.3212	0.9616
001725891	004946406	0.3073	0.9563
001725891	004946520	0.2470	0.9158
001725891	004947289	0.2807	0.9548
001725891	004948113	0.2712	0.9455
001725891	004953685	0.2688	0.9698
001725891	004954723	0.3265	0.9126
001725891	004957860	0.3071	0.9601
001725891	004960716	0.3075	0.9428
001725891	004974830	0.2802	0.9360
001725891	004991230	0.3167	0.9286
001725891	004991642	0.4010	0.9374
001725891	005006669	0.3414	0.9286
001725891	005014749	0.2940	0.9549
001725891	005015972	0.2723	0.9609
001725891	005020773	0.3604	0.9633
001725891	005023709	0.3097	0.9218
001725891	005027904	0.3200	0.9601
001725891	005046611	0.2808	0.9365
001725891	005048428	0.2801	0.9652
001725891	005054438	0.3353	0.9515
001725891	005067801	0.2773	0.9131
001725891	005068281	0.3136	0.9567
001725891	005082332	0.2888	0.9515
001760264	005049585	0.5605	0.9273
002104079	002652067	0.3364	0.9403
002104079	002833974	0.2769	0.9164
002104079	003388252	0.3530	0.9317
002104079	003436719	0.3684	0.9274
002104079	003602326	0.3053	0.9312
002104079	003835236	0.3796	0.9404
002104079	003956133	0.3051	0.9460
002104079	004007775	0.3135	0.9356
002104079	004048985	0.2739	0.9233
002104079	004052949	0.3827	0.9489
002104079	004074522	0.3737	0.9415
002104079	004133650	0.2769	0.9464
002104079	004207220	0.2802	0.9091
002104079	004243795	0.4211	0.9121
002104079	004254199	0.3129	0.9459
002104079	004281711	0.3282	0.9495
002104079	004411802	0.4173	0.9012
002104079	004441940	0.3380	0.9477
002104079	004480914	0.2733	0.9065
002104079	004515179	0.4653	0.9194
002104079	004518251	0.2725	0.9564
002104079	004641260	0.3009	0.9251
002104079	004647338	0.3264	0.9529
002104079	004662910	0.3087	0.9555
002104079	004831419	0.3504	0.9404
002104079	004885859	0.3577	0.9237
002104079	004927635	0.3035	0.9472
002104079	004928911	0.2860	0.9274
002104079	004930526	0.3065	0.9321
002104079	004934598	0.2780	0.9044
002104079	004944169	0.2655	0.9323
002104079	004944475	0.2779	0.9260
002104079	004945743	0.2732	0.9427
002104079	004946060	0.3301	0.9397
002104079	004946406	0.2938	0.9460
002104079	004947289	0.2906	0.9459
002104079	004948113	0.2775	0.9283
002104079	004953685	0.2687	0.9622
002104079	004954723	0.3863	0.9122
002104079	004957860	0.3036	0.9480
002104079	004960716	0.3096	0.9154
002104079	004974830	0.3042	0.9186
002104079	004991230	0.3644	0.9323
002104079	004991642	0.4401	0.9363
002104079	005006669	0.3582	0.9003
002104079	005014749	0.2980	0.9465
002104079	005015972	0.2784	0.9323
002104079	005020773	0.3615	0.9631
002104079	005027904	0.3230	0.9379
002104079	005046611	0.2869	0.9269
002104079	005048428	0.2808	0.9611
002104079	005054438	0.3418	0.9443
002104079	005068281	0.3028	0.9524
002104079	005082332	0.3017	0.9292
002408040	004932146	0.2755	0.9062
002408040	004944168	0.2531	0.9097
002408040	004944476	0.2328	0.9115
002408040	004955009	0.2286	0.9078
002408040	004998626	0.2539	0.9062
002408040	005006018	0.4327	0.9047
002408040	005027903	0.2404	0.9008
002408040	005031126	0.2266	0.9130
002408040	005067799	0.2416	0.9015
002575157	003962335	0.5100	0.9161
002652066	002833974	0.3386	0.9299
002652066	003602326	0.3242	0.9219
002652066	004007775	0.3182	0.9093
002652066	004048985	0.2990	0.9011
002652066	004207220	0.3361	0.9282
002652066	004254199	0.3618	0.9036
002652066	004281711	0.3433	0.9077
002652066	004441940	0.3834	0.9164
002652066	004641260	0.3492	0.9136
002652066	004831419	0.3833	0.9001
002652066	004928911	0.3449	0.9097
002652066	004934598	0.3297	0.9172
002652066	004944169	0.2935	0.9213
002652066	004944475	0.3154	0.9074
002652066	004945743	0.3149	0.9180
002652066	004946060	0.3831	0.9196
002652066	004947289	0.3176	0.9006
002652066	004948113	0.3243	0.9109
002652066	004953685	0.2918	0.9223
002652066	004960716	0.3495	0.9122
002652066	004974830	0.3565	0.9110
002652066	005006669	0.4108	0.9007
002652066	005015972	0.3135	0.9216
002652066	005023709	0.3299	0.9066
002652066	005027904	0.3602	0.9331
002652066	005046611	0.3133	0.9003
002652066	005048428	0.3145	0.9010
002652067	002987895	0.3772	0.9276
002652067	004042086	0.4488	0.9202
002652067	004092784	0.3692	0.9035
002652067	004344763	0.4687	0.9137
002652067	004679590	0.4555	0.9026
002652067	004932146	0.3603	0.9423
002652067	004932981	0.2844	0.9002
002652067	004944168	0.3061	0.9400
002652067	004944476	0.2961	0.9410
002652067	004955009	0.2949	0.9350
002652067	004991228	0.3450	0.9016
002652067	004992302	0.3564	0.9401
002652067	005006018	0.4958	0.9366
002652067	005013771	0.3500	0.9235
002652067	005027903	0.3080	0.9449
002652067	005031126	0.2812	0.9310
002652067	005037532	0.4104	0.9251
002652067	005067799	0.2860	0.9154
002833974	002987895	0.3229	0.9291
002833974	003604091	0.3257	0.9234
002833974	003954941	0.4738	0.9020
002833974	004042086	0.4187	0.9379
002833974	004102002	0.2750	0.9067
002833974	004344763	0.5067	0.9149
002833974	004624203	0.3945	0.9167
002833974	004932146	0.2950	0.9400
002833974	004932981	0.2343	0.9015
002833974	004944168	0.2630	0.9361
002833974	004944476	0.2397	0.9202
002833974	004950314	0.2888	0.9100
002833974	004955009	0.2399	0.9189
002833974	004961171	0.3206	0.9154
002833974	004991228	0.3314	0.9018
002833974	004992302	0.3074	0.9257
002833974	005006018	0.4806	0.9506
002833974	005013771	0.3285	0.9287
002833974	005027903	0.2487	0.9134
002833974	005031126	0.2339	0.9344
002833974	005033105	0.2714	0.9060
002833974	005067799	0.2417	0.9268
002987895	003602326	0.3450	0.9379
002987895	003835236	0.3712	0.9011
002987895	003956133	0.3488	0.9296
002987895	004007775	0.3667	0.9315
002987895	004048985	0.3187	0.9195
002987895	004052949	0.3740	0.9024
002987895	004133650	0.3170	0.9325
002987895	004207220	0.3287	0.9251
002987895	004254199	0.3473	0.9316
002987895	004281711	0.3716	0.9391
002987895	004441940	0.3826	0.9444
002987895	004480914	0.3190	0.9136
002987895	004518251	0.2915	0.9393
002987895	004641260	0.3456	0.9345
002987895	004647338	0.3342	0.9105
002987895	004662910	0.3524	0.9337
002987895	004831419	0.3776	0.9237
002987895	004927635	0.3351	0.9239
002987895	004928911	0.3277	0.9240
002987895	004930526	0.3446	0.9239
002987895	004934598	0.3240	0.9129
002987895	004944169	0.3059	0.9295
002987895	004944475	0.3244	0.9279
002987895	004945743	0.3200	0.9433
002987895	004946060	0.3778	0.9419
002987895	004946406	0.3403	0.9302
002987895	004946520	0.3031	0.9046
002987895	004947289	0.3286	0.9364
002987895	004948113	0.3218	0.9291
002987895	004953685	0.3186	0.9524
002987895	004957860	0.3497	0.9324
002987895	004960716	0.3529	0.9319
002987895	004974830	0.3433	0.9197
002987895	005006669	0.4031	0.9109
002987895	005014749	0.3253	0.9345
002987895	005015972	0.3236	0.9441
002987895	005020773	0.4076	0.9360
002987895	005023709	0.3574	0.9116
002987895	005027904	0.3706	0.9536
002987895	005046611	0.3274	0.9219
002987895	005048428	0.3107	0.9429
002987895	005054438	0.3907	0.9282
002987895	005068281	0.3459	0.9369
002987895	005082332	0.3341	0.9257
003388252	004944168	0.2830	0.9009
003388252	004944476	0.2710	0.9199
003388252	005027903	0.2720	0.9090
003388252	005037532	0.2939	0.9458
003436719	004944168	0.3039	0.9031
003436719	004944476	0.2912	0.9190
003436719	005027903	0.2923	0.9109
003436719	005037532	0.3315	0.9624
003602326	003604091	0.3258	0.9182
003602326	004042086	0.3618	0.9381
003602326	004102002	0.2570	0.9001
003602326	004344763	0.4087	0.9062
003602326	004624203	0.3853	0.9029
003602326	004932146	0.3111	0.9545
003602326	004932981	0.2515	0.9131
003602326	004944168	0.2862	0.9441
003602326	004944476	0.2769	0.9379
003602326	004950314	0.2845	0.9036
003602326	004955009	0.2572	0.9290
003602326	004961171	0.3463	0.9240
003602326	004992302	0.3178	0.9346
003602326	005006018	0.3968	0.9452
003602326	005013771	0.3309	0.9308
003602326	005027903	0.2820	0.9270
003602326	005031126	0.2652	0.9464
003602326	005033105	0.2909	0.9137
003602326	005067799	0.2639	0.9226
003604091	004207220	0.3285	0.9194
003604091	004281711	0.3080	0.9040
003604091	004441940	0.3496	0.9131
003604091	004641260	0.3543	0.9141
003604091	004934598	0.3140	0.9004
003604091	004944169	0.2740	0.9096
003604091	004944475	0.3036	0.9035
003604091	004945743	0.3098	0.9218
003604091	004946060	0.3708	0.9142
003604091	004948113	0.3003	0.9040
003604091	004953685	0.2715	0.9257
003604091	004960716	0.3643	0.9140
003604091	005015972	0.3055	0.9277
003604091	005023709	0.3533	0.9021
003604091	005027904	0.3632	0.9390
003604091	005048428	0.2684	0.9029
003604346	004932146	0.4049	0.9135
003604346	005006018	0.4911	0.9096
003622649	004953685	0.2195	0.9009
003835236	004092784	0.3829	0.9061
003835236	004679590	0.4948	0.9144
003835236	004932146	0.3583	0.9042
003835236	004944168	0.3122	0.9070
003835236	004944476	0.2971	0.9215
003835236	004955009	0.3095	0.9046
003835236	004992302	0.3352	0.9264
003835236	005006018	0.5628	0.9037
003835236	005013771	0.3617	0.9051
003835236	005027903	0.2976	0.9213
003835236	005037532	0.3193	0.9428
003954941	004207220	0.4559	0.9069
003954941	004934598	0.4530	0.9016
003954941	004944169	0.3987	0.9032
003956133	004042086	0.4133	0.9158
003956133	004932146	0.3340	0.9297
003956133	004932981	0.2485	0.9082
003956133	004944168	0.2813	0.9415
003956133	004944476	0.2750	0.9401
003956133	004955009	0.2677	0.9307
003956133	004980070	0.2755	0.9146
003956133	004992302	0.3368	0.9324
003956133	005006018	0.4417	0.9170
003956133	005013771	0.3330	0.9222
003956133	005027903	0.2813	0.9420
003956133	005031126	0.2593	0.9286
003956133	005037532	0.4016	0.9057
003956133	005067799	0.2480	0.9198
004007775	004042086	0.3845	0.9233
004007775	004344763	0.4025	0.9057
004007775	004932146	0.3452	0.9338
004007775	004932981	0.2434	0.9042
004007775	004944168	0.2977	0.9310
004007775	004944476	0.2945	0.9315
004007775	004955009	0.2702	0.9329
004007775	004961171	0.3502	0.9008
004007775	004980070	0.2740	0.9048
004007775	004992302	0.3625	0.9402
004007775	005006018	0.4069	0.9322
004007775	005013771	0.3332	0.9194
004007775	005027903	0.2989	0.9361
004007775	005031126	0.2782	0.9255
004007775	005067799	0.2572	0.9195
004042086	004048985	0.3712	0.9113
004042086	004133650	0.4007	0.9149
004042086	004207220	0.4010	0.9366
004042086	004254199	0.4146	0.9228
004042086	004281711	0.4105	0.9289
004042086	004441940	0.4331	0.9367
004042086	004518251	0.4078	0.9100
004042086	004624203	0.5735	0.9518
004042086	004641260	0.4039	0.9326
004042086	004647338	0.4877	0.9102
004042086	004662910	0.4286	0.9215
004042086	004831419	0.4291	0.9110
004042086	004927635	0.4214	0.9154
004042086	004928911	0.3927	0.9162
004042086	004930526	0.3695	0.9118
004042086	004934598	0.3997	0.9149
004042086	004944169	0.3643	0.9287
004042086	004944475	0.3710	0.9202
004042086	004945743	0.3696	0.9424
004042086	004946060	0.4482	0.9337
004042086	004946406	0.4148	0.9123
004042086	004946520	0.3678	0.9010
004042086	004947289	0.3562	0.9210
004042086	004948113	0.3954	0.9218
004042086	004953685	0.3413	0.9446
004042086	004957860	0.4152	0.9165
004042086	004960716	0.3915	0.9285
004042086	004974830	0.3905	0.9152
004042086	005006669	0.4574	0.9124
004042086	005014749	0.3798	0.9185
004042086	005015972	0.3725	0.9430
004042086	005020773	0.4711	0.9278
004042086	005023709	0.3656	0.9175
004042086	005027904	0.4043	0.9534
004042086	005046611	0.3597	0.9147
004042086	005048428	0.3909	0.9204
004042086	005054438	0.4575	0.9089
004042086	005068281	0.4134	0.9082
004042086	005082332	0.4070	0.9161
004048985	004344763	0.4319	0.9016
004048985	004932146	0.3029	0.9285
004048985	004944168	0.2598	0.9281
004048985	004944476	0.2499	0.9177
004048985	004955009	0.2369	0.9150
004048985	004992302	0.3136	0.9243
004048985	005006018	0.4107	0.9288
004048985	005013771	0.3075	0.9089
004048985	005027903	0.2556	0.9194
004048985	005031126	0.2358	0.9165
004048985	005067799	0.2313	0.9117
004052949	004092784	0.3762	0.9021
004052949	004932146	0.3610	0.9044
004052949	004944168	0.3096	0.9159
004052949	004944476	0.2985	0.9343
004052949	004955009	0.3138	0.9123
004052949	004988818	0.4767	0.9038
004052949	004992302	0.3343	0.9188
004052949	005013771	0.3585	0.9036
004052949	005027903	0.2983	0.9294
004052949	005031126	0.2928	0.9064
004052949	005037532	0.3143	0.9510
004061857	005037532	0.4100	0.9135
004074522	004932146	0.3857	0.9020
004074522	004939212	0.5210	0.9021
004074522	004944168	0.3157	0.9090
004074522	004944476	0.3053	0.9242
004074522	004955009	0.3046	0.9008
004074522	004992302	0.3703	0.9115
004074522	005027903	0.3142	0.9124
004074522	005037532	0.3818	0.9495
004092784	004133650	0.3319	0.9085
004092784	004254199	0.3333	0.9084
004092784	004281711	0.3445	0.9063
004092784	004441940	0.3689	0.9166
004092784	004518251	0.3193	0.9189
004092784	004647338	0.3601	0.9095
004092784	004662910	0.3516	0.9202
004092784	004927635	0.3764	0.9089
004092784	004945743	0.3440	0.9061
004092784	004946060	0.4064	0.9113
004092784	004946406	0.3328	0.9020
004092784	004953685	0.3066	0.9277
004092784	004957860	0.3626	0.9074
004092784	005014749	0.3304	0.9009
004092784	005015972	0.3290	0.9117
004092784	005020773	0.3840	0.9194
004092784	005027904	0.3914	0.9157
004092784	005048428	0.3085	0.9150
004092784	005068281	0.3465	0.9085
004102002	004207220	0.2743	0.9039
004102002	004441940	0.3083	0.9035
004102002	004944169	0.2517	0.9081
004102002	004945743	0.2472	0.9047
004102002	004946060	0.3103	0.9094
004102002	004953685	0.2234	0.9212
004102002	005015972	0.2433	0.9016
004102002	005020773	0.3283	0.9008
004102002	005027904	0.2955	0.9206
004102002	005048428	0.2624	0.9033
004130499	004927635	0.5407	0.9093
004130499	004946406	0.5584	0.9032
004130499	004991642	0.5843	0.9062
004133650	004932146	0.2934	0.9452
004133650	004932981	0.2311	0.9089
004133650	004944168	0.2467	0.9439
004133650	004944476	0.2356	0.9437
004133650	004955009	0.2378	0.9314
004133650	004980070	0.2495	0.9094
004133650	004991228	0.3084	0.9039
004133650	004992302	0.2916	0.9365
004133650	005006018	0.4540	0.9247
004133650	005013771	0.2986	0.9206
004133650	005027903	0.2449	0.9432
004133650	005031126	0.2217	0.9331
004133650	005033105	0.2559	0.9035
004133650	005037532	0.3533	0.9170
004133650	005067799	0.2319	0.9149
004207220	004344763	0.4944	0.9218
004207220	004624203	0.3781	0.9171
004207220	004932146	0.2954	0.9356
004207220	004944168	0.2735	0.9305
004207220	004944476	0.2468	0.9100
004207220	004950314	0.2947	0.9041
004207220	004955009	0.2488	0.9127
004207220	004961171	0.3312	0.9145
004207220	004991228	0.3282	0.9021
004207220	004992302	0.3057	0.9254
004207220	005006018	0.4788	0.9532
004207220	005013771	0.3342	0.9238
004207220	005027903	0.2591	0.9044
004207220	005031126	0.2425	0.9257
004207220	005067799	0.2631	0.9264
004243795	005037532	0.3981	0.9544
004254199	004344763	0.4458	0.9105
004254199	004932146	0.3221	0.9493
004254199	004932981	0.2583	0.9041
004254199	004944168	0.2744	0.9411
004254199	004944476	0.2612	0.9407
004254199	004955009	0.2596	0.9281
004254199	004991228	0.3349	0.9069
004254199	004992302	0.3096	0.9423
004254199	005006018	0.4636	0.9368
004254199	005013771	0.3061	0.9243
004254199	005027903	0.2696	0.9399
004254199	005031126	0.2498	0.9325
004254199	005037532	0.3644	0.9204
004254199	005067799	0.2663	0.9102
004281711	004344763	0.4189	0.9058
004281711	004932146	0.3603	0.9509
004281711	004932981	0.2634	0.9183
004281711	004944168	0.3006	0.9486
004281711	004944476	0.2978	0.9519
004281711	004955009	0.2818	0.9397
004281711	004961171	0.3655	0.9115
004281711	004980070	0.2825	0.9092
004281711	004991228	0.3161	0.9029
004281711	004992302	0.3589	0.9418
004281711	005006018	0.4350	0.9376
004281711	005013771	0.3278	0.9310
004281711	005027903	0.3054	0.9463
004281711	005031126	0.2802	0.9455
004281711	005033105	0.2969	0.9134
004281711	005037532	0.4363	0.9207
004281711	005067799	0.2710	0.9218
004344763	004441940	0.4583	0.9172
004344763	004624203	0.5622	0.9041
004344763	004641260	0.4828	0.9011
004344763	004647338	0.5150	0.9011
004344763	004662910	0.4641	0.9007
004344763	004927635	0.4902	0.9051
004344763	004934598	0.4822	0.9033
004344763	004944169	0.4296	0.9103
004344763	004945743	0.4413	0.9031
004344763	004946060	0.5082	0.9168
004344763	004948113	0.4577	0.9007
004344763	004953685	0.3779	0.9074
004344763	004974830	0.4594	0.9001
004344763	005006669	0.5236	0.9051
004344763	005015972	0.4259	0.9008
004344763	005027904	0.4842	0.9176
004411802	004988818	0.5614	0.9021
004411802	005037532	0.3796	0.9525
004441940	004932146	0.3468	0.9674
004441940	004932981	0.2902	0.9150
004441940	004944168	0.3082	0.9516
004441940	004944476	0.2895	0.9454
004441940	004950314	0.3269	0.9008
004441940	004955009	0.2904	0.9334
004441940	004961171	0.3797	0.9222
004441940	004980070	0.2968	0.9007
004441940	004991228	0.3535	0.9138
004441940	004992302	0.3376	0.9523
004441940	005006018	0.4935	0.9519
004441940	005013771	0.3446	0.9340
004441940	005027903	0.3066	0.9434
004441940	005031126	0.2791	0.9460
004441940	005033105	0.3205	0.9147
004441940	005037532	0.3877	0.9049
004441940	005067799	0.2986	0.9176
004480914	004932146	0.2943	0.9258
004480914	004944168	0.2647	0.9165
004480914	004944476	0.2495	0.9129
004480914	004955009	0.2364	0.9011
004480914	004992302	0.3027	0.9027
004480914	005006018	0.4068	0.9107
004480914	005027903	0.2594	0.9084
004480914	005031126	0.2385	0.9137
004515179	004944476	0.3730	0.9014
004515179	004988818	0.5739	0.9214
004515179	004992302	0.4313	0.9026
004515179	005015642	0.5435	0.9152
004515179	005027903	0.3797	0.9001
004515179	005037532	0.3943	0.9450
004518251	004932146	0.3042	0.9485
004518251	004932981	0.2122	0.9142
004518251	004939212	0.4783	0.9056
004518251	004944168	0.2353	0.9408
004518251	004944476	0.2346	0.9408
004518251	004955009	0.2302	0.9216
004518251	004980070	0.2488	0.9021
004518251	004988818	0.5945	0.9082
004518251	004992302	0.3090	0.9503
004518251	005006018	0.4377	0.9146
004518251	005013771	0.2972	0.9195
004518251	005027903	0.2400	0.9403
004518251	005031126	0.2142	0.9278
004518251	005037532	0.3682	0.9169
004624203	004641260	0.3865	0.9008
004624203	004960716	0.3680	0.9037
004624203	005006018	0.5297	0.9404
004624203	005015972	0.4009	0.9079
004624203	005023709	0.3965	0.9159
004624203	005027904	0.3513	0.9167
004641260	004932146	0.3090	0.9573
004641260	004932981	0.2582	0.9077
004641260	004944168	0.2873	0.9386
004641260	004944476	0.2679	0.9343
004641260	004955009	0.2609	0.9193
004641260	004961171	0.3441	0.9224
004641260	004992302	0.3180	0.9269
004641260	005006018	0.4541	0.9434
004641260	005013771	0.3475	0.9260
004641260	005027903	0.2757	0.9192
004641260	005031126	0.2610	0.9447
004641260	005033105	0.2990	0.9109
004641260	005067799	0.2685	0.9117
004647338	004932146	0.3247	0.9187
004647338	004932981	0.2787	0.9052
004647338	004944168	0.2808	0.9294
004647338	004944476	0.2586	0.9441
004647338	004955009	0.2772	0.9231
004647338	004991228	0.3700	0.9006
004647338	004992302	0.3132	0.9263
004647338	005006018	0.5403	0.9125
004647338	005013771	0.3414	0.9207
004647338	005027903	0.2652	0.9327
004647338	005031126	0.2542	0.9228
004647338	005037532	0.2975	0.9554
004662910	004932146	0.3430	0.9508
004662910	004932981	0.2530	0.9073
004662910	004944168	0.2843	0.9447
004662910	004944476	0.2736	0.9451
004662910	004955009	0.2698	0.9260
004662910	004991228	0.3129	0.9080
004662910	004992302	0.3486	0.9496
004662910	005006018	0.4706	0.9298
004662910	005013771	0.3368	0.9281
004662910	005027903	0.2809	0.9447
004662910	005031126	0.2583	0.9338
004662910	005037532	0.4086	0.9308
004662910	005067799	0.2559	0.9006
004679590	004927635	0.4745	0.9036
004820761	005037532	0.4975	0.9357
004823840	005037532	0.4907	0.9359
004831419	004932146	0.3551	0.9234
004831419	004932981	0.3054	0.9085
004831419	004944168	0.3192	0.9263
004831419	004944476	0.3044	0.9309
004831419	004955009	0.2990	0.9258
004831419	004980070	0.3093	0.9094
004831419	004992302	0.3463	0.9287
004831419	005006018	0.4813	0.9147
004831419	005013771	0.3610	0.9114
004831419	005027903	0.3184	0.9324
004831419	005031126	0.2928	0.9177
004831419	005067799	0.3061	0.9126
004885859	004944476	0.2801	0.9144
004885859	004988818	0.5025	0.9080
004885859	005015642	0.5251	0.9028
004885859	005027903	0.2799	0.9063
004885859	005037532	0.3136	0.9553
004927635	004932146	0.3244	0.9422
004927635	004944168	0.2857	0.9311
004927635	004944476	0.2706	0.9309
004927635	004955009	0.2739	0.9149
004927635	004988818	0.5694	0.9114
004927635	004991228	0.3273	0.9009
004927635	004992302	0.3303	0.9431
004927635	005006018	0.4542	0.9297
004927635	005013771	0.3460	0.9190
004927635	005027903	0.2723	0.9297
004927635	005031126	0.2561	0.9214
004927635	005037532	0.3781	0.9306
004928911	004932146	0.2914	0.9358
004928911	004932981	0.2496	0.9049
004928911	004944168	0.2628	0.9296
004928911	004944476	0.2452	0.9312
004928911	004955009	0.2427	0.9215
004928911	004992302	0.2957	0.9175
004928911	004998626	0.2958	0.9006
004928911	005006018	0.4750	0.9245
004928911	005013771	0.3313	0.9136
004928911	005027903	0.2531	0.9234
004928911	005031126	0.2370	0.9275
004928911	005033105	0.2818	0.9019
004928911	005067799	0.2549	0.9169
004930526	004932146	0.3156	0.9335
004930526	004944168	0.2811	0.9358
004930526	004944476	0.2757	0.9344
004930526	004955009	0.2627	0.9198
004930526	004992302	0.3157	0.9206
004930526	005006018	0.4298	0.9181
004930526	005013771	0.3328	0.9147
004930526	005027903	0.2832	0.9279
004930526	005031126	0.2599	0.9296
004930526	005037532	0.4157	0.9058
004930526	005067799	0.2734	0.9083
004932146	004934598	0.2968	0.9207
004932146	004944169	0.2936	0.9362
004932146	004944475	0.2917	0.9333
004932146	004945743	0.2852	0.9554
004932146	004946060	0.3425	0.9571
004932146	004946406	0.3343	0.9529
004932146	004946520	0.2693	0.9105
004932146	004947289	0.3011	0.9466
004932146	004948113	0.2955	0.9388
004932146	004953685	0.2913	0.9556
004932146	004957860	0.3317	0.9417
004932146	004960716	0.3171	0.9529
004932146	004974830	0.3043	0.9287
004932146	004991642	0.4411	0.9026
004932146	005006669	0.3634	0.9348
004932146	005014749	0.3152	0.9480
004932146	005015972	0.2940	0.9647
004932146	005020773	0.3862	0.9419
004932146	005023709	0.3195	0.9338
004932146	005027904	0.3292	0.9661
004932146	005046611	0.2999	0.9253
004932146	005048428	0.3097	0.9498
004932146	005054438	0.3651	0.9353
004932146	005067801	0.2965	0.9017
004932146	005068281	0.3388	0.9382
004932146	005082332	0.3210	0.9422
004932981	004944169	0.2272	0.9003
004932981	004945743	0.2290	0.9220
004932981	004946060	0.2799	0.9104
004932981	004947289	0.2434	0.9112
004932981	004953685	0.2198	0.9380
004932981	004957860	0.2652	0.9063
004932981	004960716	0.2760	0.9077
004932981	004974830	0.2709	0.9033
004932981	005014749	0.2443	0.9074
004932981	005015972	0.2219	0.9206
004932981	005020773	0.3007	0.9219
004932981	005027904	0.2804	0.9247
004932981	005048428	0.2224	0.9229
004932981	005054438	0.2881	0.9058
004932981	005068281	0.2395	0.9174
004934598	004944168	0.2633	0.9164
004934598	004955009	0.2424	0.9011
004934598	004992302	0.3045	0.9151
004934598	005006018	0.4614	0.9335
004934598	005013771	0.3205	0.9055
004934598	005031126	0.2346	0.9076
004934598	005067799	0.2439	0.9104
004939212	004953685	0.5348	0.9060
004939212	005014749	0.5811	0.9014
004939212	005048428	0.5291	0.9135
004944168	004944169	0.2521	0.9353
004944168	004944475	0.2622	0.9378
004944168	004945743	0.2587	0.9557
004944168	004946060	0.3090	0.9475
004944168	004946406	0.2719	0.9477
004944168	004946520	0.2401	0.9103
004944168	004947289	0.2641	0.9472
004944168	004948113	0.2570	0.9382
004944168	004953685	0.2511	0.9606
004944168	004957860	0.2877	0.9402
004944168	004960716	0.2982	0.9325
004944168	004974830	0.2799	0.9217
004944168	004991230	0.2987	0.9017
004944168	004991642	0.3769	0.9065
004944168	005006669	0.3470	0.9210
004944168	005014749	0.2631	0.9488
004944168	005015972	0.2589	0.9479
004944168	005020773	0.3289	0.9500
004944168	005023709	0.3037	0.9124
004944168	005027904	0.3093	0.9589
004944168	005046611	0.2693	0.9354
004944168	005048428	0.2464	0.9532
004944168	005054438	0.3162	0.9396
004944168	005067801	0.2697	0.9037
004944168	005068281	0.2733	0.9414
004944168	005082332	0.2789	0.9370
004944169	004944476	0.2433	0.9225
004944169	004950314	0.2633	0.9015
004944169	004955009	0.2345	0.9176
004944169	004980070	0.2701	0.9006
004944169	004991228	0.2760	0.9067
004944169	004992302	0.3003	0.9335
004944169	005006018	0.4068	0.9386
004944169	005013771	0.3035	0.9244
004944169	005027903	0.2479	0.9213
004944169	005031126	0.2298	0.9250
004944169	005067799	0.2286	0.9207
004944475	004944476	0.2481	0.9277
004944475	004955009	0.2383	0.9216
004944475	004992302	0.3010	0.9211
004944475	005006018	0.4274	0.9260
004944475	005013771	0.3205	0.9198
004944475	005027903	0.2567	0.9240
004944475	005031126	0.2367	0.9312
004944475	005067799	0.2403	0.9210
004944476	004945743	0.2425	0.9529
004944476	004946060	0.2916	0.9349
004944476	004946406	0.2683	0.9459
004944476	004946520	0.2217	0.9044
004944476	004947289	0.2548	0.9450
004944476	004948113	0.2408	0.9234
004944476	004953685	0.2432	0.9638
004944476	004957860	0.2731	0.9398
004944476	004960716	0.2844	0.9284
004944476	004974830	0.2597	0.9245
004944476	004991230	0.2883	0.9202
004944476	004991642	0.3607	0.9204
004944476	005006669	0.3253	0.9025
004944476	005014749	0.2613	0.9447
004944476	005015972	0.2456	0.9429
004944476	005020773	0.3153	0.9596
004944476	005023709	0.2889	0.9066
004944476	005027904	0.2883	0.9437
004944476	005046611	0.2575	0.9277
004944476	005048428	0.2442	0.9497
004944476	005054438	0.3011	0.9412
004944476	005067801	0.2552	0.9039
004944476	005068281	0.2749	0.9425
004944476	005082332	0.2607	0.9296
004945741	005027904	0.3919	0.9045
004945743	004950314	0.2725	0.9100
004945743	004955009	0.2336	0.9415
004945743	004961171	0.3207	0.9245
004945743	004980070	0.2609	0.9071
004945743	004991228	0.2997	0.9023
004945743	004992302	0.2938	0.9365
004945743	005006018	0.4262	0.9427
004945743	005013771	0.3213	0.9409
004945743	005027903	0.2502	0.9422
004945743	005031126	0.2342	0.9578
004945743	005033105	0.2692	0.9251
004945743	005067799	0.2379	0.9318
004946060	004950314	0.3296	0.9015
004946060	004955009	0.2872	0.9290
004946060	004961171	0.3672	0.9169
004946060	004980070	0.2927	0.9033
004946060	004991228	0.3678	0.9137
004946060	004992302	0.3501	0.9485
004946060	005006018	0.5026	0.9471
004946060	005013771	0.3743	0.9293
004946060	005027903	0.3042	0.9345
004946060	005031126	0.2804	0.9371
004946060	005033105	0.3125	0.9100
004946060	005067799	0.2834	0.9261
004946406	004955009	0.2597	0.9236
004946406	004992302	0.3417	0.9351
004946406	005006018	0.4437	0.9209
004946406	005013771	0.3154	0.9208
004946406	005027903	0.2722	0.9419
004946406	005031126	0.2519	0.9396
004946406	005037532	0.4145	0.9390
004946520	004955009	0.2167	0.9005
004946520	004998626	0.2494	0.9027
004946520	005006018	0.4276	0.9082
004946520	005031126	0.2146	0.9108
004946520	005067799	0.2207	0.9039
004947289	004955009	0.2407	0.9332
004947289	004961171	0.3353	0.9020
004947289	004980070	0.2671	0.9125
004947289	004992302	0.2990	0.9371
004947289	005006018	0.4152	0.9271
004947289	005013771	0.3048	0.9236
004947289	005027903	0.2642	0.9417
004947289	005031126	0.2418	0.9375
004947289	005033105	0.2787	0.9111
004947289	005037532	0.3879	0.9084
004947289	005067799	0.2533	0.9209
004948113	004955009	0.2340	0.9165
004948113	004992302	0.3038	0.9274
004948113	005006018	0.4512	0.9317
004948113	005013771	0.3143	0.9200
004948113	005027903	0.2487	0.9213
004948113	005031126	0.2310	0.9273
004948113	005067799	0.2315	0.9191
004950314	004953685	0.2470	0.9175
004950314	005015972	0.2667	0.9092
004950314	005027904	0.3198	0.9224
004953685	004955009	0.2302	0.9511
004953685	004961171	0.3173	0.9222
004953685	004980070	0.2523	0.9297
004953685	004991228	0.2698	0.9197
004953685	004992302	0.2902	0.9484
004953685	005006018	0.3840	0.9382
004953685	005013771	0.2886	0.9472
004953685	005027903	0.2511	0.9541
004953685	005031126	0.2309	0.9586
004953685	005033105	0.2605	0.9291
004953685	005037532	0.3803	0.9034
004953685	005043691	0.2166	0.9010
004953685	005067799	0.2306	0.9396
004954723	004988818	0.4949	0.9037
004954723	005015642	0.5127	0.9027
004954723	005037532	0.3104	0.9482
004955009	004957860	0.2745	0.9265
004955009	004960716	0.2758	0.9148
004955009	004974830	0.2587	0.9213
004955009	004991642	0.3606	0.9048
004955009	005014749	0.2449	0.9259
004955009	005015972	0.2336	0.9284
004955009	005020773	0.3164	0.9431
004955009	005027904	0.2790	0.9381
004955009	005046611	0.2456	0.9211
004955009	005048428	0.2343	0.9322
004955009	005054438	0.3035	0.9296
004955009	005068281	0.2653	0.9305
004955009	005082332	0.2556	0.9191
004957860	004980070	0.2938	0.9021
004957860	004992302	0.3340	0.9385
004957860	005006018	0.4583	0.9235
004957860	005013771	0.3362	0.9226
004957860	005027903	0.2829	0.9425
004957860	005031126	0.2592	0.9306
004957860	005037532	0.3961	0.9149
004957860	005067799	0.2662	0.9052
004960716	004961171	0.3536	0.9239
004960716	004992302	0.3321	0.9172
004960716	005006018	0.4489	0.9350
004960716	005013771	0.3771	0.9185
004960716	005027903	0.2907	0.9101
004960716	005031126	0.2735	0.9406
004960716	005033105	0.3088	0.9157
004960716	005067799	0.2808	0.9147
004961171	004974830	0.3452	0.9013
004961171	005015972	0.3248	0.9313
004961171	005023709	0.3610	0.9109
004961171	005027904	0.3701	0.9407
004961171	005048428	0.3166	0.9041
004974830	004992302	0.2982	0.9152
004974830	004998626	0.2933	0.9050
004974830	005006018	0.4633	0.9302
004974830	005013771	0.3217	0.9091
004974830	005027903	0.2720	0.9173
004974830	005031126	0.2521	0.9226
004974830	005033105	0.3037	0.9010
004974830	005067799	0.2805	0.9171
004980070	005014749	0.2651	0.9038
004980070	005020773	0.3320	0.9053
004980070	005027904	0.3059	0.9097
004980070	005048428	0.2553	0.9280
004980070	005054438	0.3014	0.9040
004980070	005068281	0.2695	0.9290
004985115	005027904	0.3707	0.9080
004988818	004991230	0.5107	0.9048
004988818	004991642	0.5828	0.9234
004991228	005020773	0.3590	0.9068
004991228	005027904	0.3499	0.9186
004991228	005048428	0.2875	0.9092
004991228	005068281	0.3011	0.9028
004991230	004992302	0.3340	0.9014
004991230	005027903	0.2893	0.9088
004991230	005037532	0.3251	0.9430
004991642	004992302	0.4299	0.9201
004991642	005015642	0.5691	0.9279
004991642	005027903	0.3662	0.9254
004991642	005037532	0.4019	0.9496
004992302	005006669	0.3732	0.9134
004992302	005014749	0.3158	0.9330
004992302	005015972	0.2995	0.9362
004992302	005020773	0.3820	0.9375
004992302	005027904	0.3448	0.9456
004992302	005046611	0.3026	0.9177
004992302	005048428	0.3081	0.9477
004992302	005054438	0.3596	0.9311
004992302	005068281	0.3391	0.9403
004992302	005082332	0.3207	0.9290
004998626	005067801	0.2917	0.9076
004998893	005049585	0.5648	0.9405
005006018	005006669	0.5109	0.9386
005006018	005014749	0.4273	0.9245
005006018	005015972	0.4102	0.9463
005006018	005020773	0.5068	0.9235
005006018	005023709	0.4129	0.9290
005006018	005027904	0.4711	0.9535
005006018	005046611	0.4136	0.9212
005006018	005048428	0.4251	0.9214
005006018	005054438	0.4940	0.9183
005006018	005067801	0.4351	0.9008
005006018	005068281	0.4340	0.9097
005006018	005082332	0.4664	0.9302
005006669	005013771	0.3972	0.9064
005006669	005031126	0.3193	0.9132
005006669	005067799	0.3269	0.9007
005013771	005014749	0.3024	0.9241
005013771	005015972	0.3094	0.9370
005013771	005020773	0.3704	0.9369
005013771	005023709	0.3567	0.9041
005013771	005027904	0.3662	0.9444
005013771	005046611	0.3136	0.9184
005013771	005048428	0.2858	0.9268
005013771	005054438	0.3515	0.9164
005013771	005068281	0.3234	0.9152
005013771	005082332	0.3192	0.9185
005014749	005027903	0.2657	0.9366
005014749	005031126	0.2435	0.9390
005014749	005033105	0.2729	0.9044
005014749	005037532	0.4125	0.9212
005014749	005067799	0.2506	0.9129
005015642	005049585	0.5763	0.9524
005015972	005027903	0.2499	0.9286
005015972	005031126	0.2368	0.9553
005015972	005033105	0.2651	0.9197
005015972	005067799	0.2337	0.9191
005020773	005027903	0.3193	0.9538
005020773	005031126	0.3017	0.9473
005020773	005037532	0.4067	0.9416
005020773	005067799	0.3049	0.9138
005023709	005031126	0.2798	0.9243
005027903	005027904	0.2984	0.9340
005027903	005046611	0.2672	0.9270
005027903	005048428	0.2473	0.9449
005027903	005054438	0.3119	0.9432
005027903	005068281	0.2809	0.9440
005027903	005082332	0.2743	0.9292
005027904	005031126	0.2797	0.9570
005027904	005033105	0.3158	0.9354
005027904	005043691	0.3016	0.9089
005027904	005046612	0.3477	0.9038
005027904	005067799	0.2938	0.9429
005027904	005068280	0.4401	0.9083
005031126	005046611	0.2446	0.9272
005031126	005048428	0.2278	0.9402
005031126	005054438	0.2895	0.9295
005031126	005067801	0.2454	0.9004
005031126	005068281	0.2550	0.9272
005031126	005082332	0.2510	0.9272
005033105	005048428	0.2519	0.9135
005033105	005068281	0.2680	0.9107
005037532	005048428	0.3817	0.9160
005037532	005049585	0.4443	0.9079
005037532	005054438	0.3986	0.9234
005037532	005068281	0.4093	0.9003
005037532	005082332	0.3851	0.9042
005046611	005067799	0.2540	0.9168
005048428	005067799	0.2246	0.9142
005054438	005067799	0.2931	0.9099
005067799	005068281	0.2367	0.9150
005067799	005082332	0.2633	0.9098
